Price
14113
10506
17876
24709
14834
14454
34673
10349
10500
43592
13454
19416
30107
41387
31797
15053
10036
20385
13996
9408
9408
7056
14113
19757
15681
26971
16308
10976
24462
18688
15681
36137
10976
15681
19601
21012
16756
21953
16151
12544
7495
10036
33556
21953
7213
14269
16308
11604
9000
6743
17249
39750
40142
35005
10820
14113
10945
9722
26528
6899
10976
31361
11604
10349
12544
6743
26030
18826
16308
26149
36068
10036
16004
12858
16308
24415
16621
8154
30734
12231
15053
6899
48108
17249
9252
6611
13642
35071
17562
11992
9252
15681
16308
11917
32772
38562
17249
7840
19823
12231
19707
11604
40092
10349
13350
33870
25299
41629
31361
10663
33243
26343
10976
22894
11604
25000
31047
8674
10349
35124
10036
19946
38251
29166
21639
11290
24415
15681
12544
6586
32302
37633
18817
9408
35971
8467
11290
40901
41281
11917
40000
17249
11133
12544
8947
28589
10036
10986
19416
24123
17876
18346
6899
10976
13172
9722
10000
34497
26591
8154
9565
22580
23521
24283
25089
31361
17500
12858
25299
15994
21953
27284
12600
17249
47076
10036
15053
16621
12858
26030
15681
17562
10663
17346
28225
31361
22843
18189
47042
23129
10349
18189
18503
6272
17876
40443
24148
37301
14686
6899
7840
29793
10036
30734
9722
7056
7056
15991
12074
20385
33870
16010
8154
13015
20698
20855
25873
15245
10349
23521
34497
36065
16621
45872
22947
10036
13178
16621
27284
6899
11917
29777
35438
9888
18817
17249
18817
43278
22266
25089
8781
19601
14426
6899
13799
43905
30734
36567
11917
8467
19444
31581
15681
12231
6899
27441
26030
17844
9095
35902
16465
18826
8781
26971
17876
15681
14113
20005
8624
12388
9722
12544
32744
18817
28755
31581
7213
13328
20385
11290
14740
7213
19444
14113
42337
13485
19914
14583
17249
6586
14113
7840
9879
9300
23207
9722
12541
9252
16894
9832
8154
8000
11143
46728
13808
7213
20855
14069
25889
18817
27065
15500
24305
16480
16308
20385
10349
23722
9408
17158
6899
25264
18826
17876
39797
22580
8467
20385
26149
7840
12388
18688
29793
15624
7213
10976
19914
17405
18000
20385
7370
9252
43545
8154
31361
13956
25089
22580
16621
44134
10036
20385
23521
25089
14113
47982
6899
23129
12231
10349
37984
28068
23433
20385
21316
15681
12500
17876
9408
21953
9164
7175
6899
11760
22947
22894
17562
15053
11604
18503
38737
17249
14768
13956
12544
32615
25559
21169
18817
17562
14113
13172
31047
9600
14900
12544
12231
11917
9408
8781
11917
39829
41811
36567
33230
7527
21953
17876
11917
14113
9252
27598
17876
22000
20071
7056
28909
15681
21169
15994
10697
17249
25089
10036
13485
11604
25716
20385
10506
10976
18240
13799
7527
15681
10976
21953
13328
11563
19757
24775
11000
23000
23678
9252
31500
13297
22580
10192
7213
15681
6899
30734
25716
17876
28532
9408
16935
11604
24327
46414
16894
13799
10976
21012
11290
20385
6272
17249
29166
17249
13978
11099
7840
24775
20385
11481
14113
42102
6586
23536
16935
27689
14426
8467
8938
14900
43281
29793
9408
12231
8500
12544
17562
8467
18826
22580
11133
17719
18817
13172
36065
10192
14426
26657
23834
25889
11676
11011
18817
10976
22580
26030
47989
10976
15994
7213
28225
13485
13589
16543
12231
15053
14269
7213
22580
19444
7524
13172
23521
11917
10506
21639
20532
34811
11760
6611
7213
23602
42717
20814
13172
16766
14426
16308
10192
19441
28225
41055
11604
12074
7840
7213
23994
19679
20542
21796
8154
14113
6272
8781
9095
19757
17092
46414
30583
18503
14113
9095
10300
8781
12231
10032
6523
39615
15681
23408
29075
10000
8781
40142
15273
9565
21395
13300
19444
20071
9800
7840
7683
23521
19444
17484
15681
25512
23207
13328
27174
40424
25089
29793
18817
14000
15053
17562
9879
16308
15994
29479
12858
11613
7000
18189
16621
14113
31047
11917
15367
8467
9408
10349
20000
10036
20385
13172
7213
27093
20592
19444
21953
10349
6429
13799
30734
25000
48296
7840
23138
11604
19130
9408
14740
12544
35344
15994
16621
23270
39797
7527
18503
7840
10349
19416
10349
24123
23602
26971
8320
18817
12231
10976
9408
7527
16621
11917
30185
12858
7840
7213
9408
11917
12570
21326
15336
22580
34497
11290
13485
16621
11917
6272
10349
21953
15367
14583
21012
12074
8377
18503
36065
17249
7840
11290
6586
13172
12231
12544
11917
8154
9400
19914
12544
16383
21953
35344
18817
40456
11604
13799
18817
15681
14113
14113
7840
31047
13956
35309
20385
10192
19823
17900
8781
28043
25638
19444
7213
26657
8154
35043
23834
19416
40142
6743
38229
45210
12231
16935
6899
29445
17158
16465
24148
11133
22580
39201
7300
17876
6586
20385
7527
9722
20385
6272
8500
18817
10349
8154
15053
17876
15289
9095
14113
9565
14269
8154
12544
7840
9408
16621
6586
43278
18760
17876
47512
23521
10663
25456
19933
25089
42883
22423
10036
10976
15524
15681
16308
20005
13172
16621
7840
15681
40092
9722
8781
16621
9408
43905
27284
15681
15423
19287
12858
28789
6272
6272
11133
6272
21639
10976
32302
21326
8467
10932
27598
18189
22947
14740
15053
14426
7370
7213
12544
7840
21953
22000
13799
17249
12000
8467
45473
12544
28015
18826
7840
10945
8154
8624
26343
17876
33556
8154
7809
31988
42667
14113
31913
6272
9000
30734
42538
17249
20814
10641
15681
14050
16308
17249
6272
25089
42808
18189
26657
20385
8154
12231
11290
10976
6272
32929
21953
8963
34905
20385
11290
22266
11447
16308
15053
15486
12858
10976
10036
14113
25816
6586
19601
22580
22894
10663
6429
34406
10976
37633
40456
17249
30734
18189
19444
7840
14113
26657
10036
25089
22549
21953
8467
34497
37006
17948
17484
32929
19444
8154
17562
9346
23138
15681
23521
6899
19601
15681
17562
18189
26343
13172
19444
10036
9408
44843
25591
11604
10349
10976
25387
17876
15681
12231
7300
15681
35269
26017
17719
14740
15053
7997
28382
16935
14426
20005
17249
13485
43952
7213
9198
39201
45160
29793
14426
11917
27755
12544
9879
11604
16308
39226
13341
9408
16894
34419
8938
13485
25889
7213
15681
24618
15681
16308
9565
30107
24433
20385
9565
36865
6272
10406
19610
13485
9722
18033
12544
32973
23834
15681
10349
28225
9408
17876
10036
46809
13771
7056
41629
19444
10192
43868
7997
20266
10976
21953
18817
20385
9000
12231
28225
7840
24000
10036
9408
12900
10976
20385
43868
11604
9565
7100
10976
23521
11133
21953
18817
13877
19757
32929
7840
14113
27463
15681
14950
16750
9722
11917
10976
20385
9095
18189
39559
11604
26343
9879
6398
10820
24148
22843
31797
11760
15994
22580
17562
7200
16778
9408
23521
7527
19757
20385
7840
6272
15053
18817
12544
12074
40769
12544
10117
16621
23521
32929
43049
40142
45473
13172
21652
15681
41281
12074
11604
10349
12858
16778
8154
43134
10192
14426
20695
26594
6899
19757
20071
13642
12544
31361
39201
8781
9408
12544
25089
13150
11917
18817
17249
10976
19444
15367
7995
23521
7527
8781
8781
7997
18531
7840
12544
15994
18817
19757
20382
12858
11917
43905
9418
22894
34497
12777
6272
9408
18826
9252
14740
31581
6476
21482
7000
31047
14113
7527
10036
14009
24000
30577
9565
32929
10976
44134
36065
16621
11133
19757
6586
19400
10349
8781
13771
14113
15125
7213
15681
9722
11447
8467
6743
12143
36065
19444
29087
15063
10349
7213
42601
11917
15994
40092
35899
30734
40456
8781
7997
17249
10349
16935
23521
23521
16308
10381
9408
8781
12388
47042
31358
27654
19444
6743
32302
45473
9408
20385
6899
34811
44247
17249
24462
39750
45473
8467
37564
45473
10976
16621
9164
7840
27591
9252
16308
8781
18503
39201
35846
32615
20542
27582
10663
36065
31361
13799
16308
8467
29793
15524
8500
14113
22894
26949
8781
19757
24462
35344
10976
20385
10976
9500
13799
28852
41397
6899
11760
13485
13328
12544
13877
8154
6586
29793
7213
24709
8467
19757
17054
9408
24462
17942
23592
7997
13799
14740
35309
18189
8311
12074
25089
17249
23521
24709
6752
15681
28225
11917
18503
13172
9095
12231
19707
13328
17249
8467
29166
13485
9722
20071
26657
14113
12074
15053
11604
18189
42337
12388
10663
12544
15423
37066
11917
16308
16320
22266
37000
37633
13328
48403
16621
18346
38574
16621
8154
7527
31581
20385
7056
15659
31361
19444
42171
15323
6272
10349
36564
7000
12858
9722
33243
6586
25089
47408
15681
16935
9408
20385
28225
17249
9252
8900
13589
10976
32302
20071
26030
13956
16621
16399
10349
7213
11760
15681
15681
6586
21953
18817
7213
25089
11917
23050
10663
20385
7370
12849
31047
6743
21953
44213
29711
9095
12231
17054
23207
25716
9408
16935
13799
16621
39891
22266
16400
36711
10036
26971
16546
28225
13799
10663
15612
11604
19130
18826
20385
9722
32045
8938
14426
21500
7213
31082
28225
22357
7527
12231
10669
19130
29793
14113
8674
35438
16308
21950
9500
20698
12858
43278
39201
20385
39201
18817
16308
10976
37897
16960
15053
32935
29965
16480
7527
8781
11604
26971
25591
11563
28300
24709
13000
43868
18189
13338
17663
37633
23521
19444
7840
6743
7997
12544
15994
15035
10663
10036
21395
39593
32954
37633
6272
25889
40954
15681
25402
18519
14834
42337
7840
15524
45473
6586
16308
15053
15035
22947
12570
34494
26971
25396
27356
8781
14113
8000
35309
14113
16568
21796
48575
39458
25716
9095
43278
15060
6899
32302
23436
18500
8781
10506
9000
25089
14740
38500
8386
8781
10976
9408
14113
13589
20071
10697
7527
34497
48202
22580
12544
16549
17876
12000
14426
37000
10976
8154
24029
17876
13799
17249
23521
18000
11447
13172
26657
15681
10036
14953
18189
11290
32929
19613
17249
24512
10820
6899
20385
18189
10349
15200
19416
14740
9722
10036
17249
20162
8938
15053
7840
28532
11604
15994
10349
15035
29166
19130
8154
15060
18503
20385
8154
11290
8000
8500
10192
11851
12980
43952
34497
6429
12231
9565
12701
44247
11133
8467
21012
38229
47038
9408
17562
19914
23659
27654
26657
16900
11469
25264
12858
28830
15367
15681
10976
7213
24433
10349
32973
6586
7213
8467
13570
6586
12858
7317
38445
20297
8467
15530
15681
7213
32035
13877
32929
10976
10964
17562
20382
15677
37066
11992
13172
23533
9722
14000
26657
34497
18817
9095
40092
31675
22567
6586
9408
24123
15367
7840
31361
21326
31361
9408
17876
24775
21012
24920
7997
9252
20071
7056
18826
14426
13172
42337
9722
7840
21012
21012
16778
30577
40556
15367
13956
19130
15257
10349
19444
35438
17876
34889
25089
8300
10873
35570
9565
6899
15530
15053
22580
29793
13000
20385
15053
18817
10820
28921
10976
13172
16308
15367
10976
11290
13485
13000
9722
7840
39559
15367
29636
12544
11133
11604
39201
34074
31361
17249
29793
16308
40769
21953
17876
15681
19130
47408
7213
27598
7213
7056
21326
7683
14113
34184
34497
42965
27858
13015
18503
9408
7527
9261
20385
20071
19130
10036
21953
7213
9095
19130
15053
12231
10500
20005
37580
28225
11290
16621
30455
19444
11227
8154
37301
36997
21953
23104
6586
43062
24775
21012
8467
19130
34400
28909
44533
17719
17923
30517
10976
8467
16935
10036
7683
14113
29122
18776
14113
11604
9879
26971
37611
16091
12544
21410
19130
34340
12544
43905
11917
6500
24283
14426
16308
15367
12544
18817
12544
42337
21012
9408
7997
8154
40092
16308
29793
26657
14113
15524
17249
21012
47042
19757
19444
6429
41632
13642
8467
13799
27375
37633
10976
32929
19287
33870
10976
7840
9408
29166
6899
41397
16308
16621
8467
23521
32929
11133
12388
32615
31361
15681
15994
29489
17249
11917
13589
14269
11290
40769
26657
15053
9722
21639
7213
19030
46207
16621
22894
10663
22266
6272
28391
24709
15900
36899
16741
7213
9408
27284
35237
32913
21012
10663
9095
21442
35438
19287
7683
12074
18817
21395
33556
32929
7683
14113
6272
10032
13485
30950
14113
16621
34877
15323
17876
8624
19598
19817
9722
21639
7840
11917
16308
12231
8467
12858
28225
37633
10663
16621
17249
18817
23521
44542
41064
16151
13589
9722
17249
12858
17249
25089
16935
15991
21953
7119
10976
19757
17876
11917
12544
6272
11274
15681
9408
30906
8154
13328
22580
17249
6586
19930
6272
23521
18817
28225
7527
21012
19757
12858
19914
39201
8154
15681
16160
16308
8781
20171
34497
9408
21953
41629
15897
29583
13485
28068
7527
20542
15210
29793
16308
20385
45633
42717
23734
19800
25716
20297
23932
20385
7840
12777
22433
28589
16894
10036
25716
17249
10036
10192
42337
12231
38445
10976
10349
35579
47000
20385
18779
14279
28222
8154
11259
37633
23414
11851
11290
8311
24709
22894
11290
29094
15423
16741
16935
45473
15367
21639
7997
12231
12231
24932
16151
20237
21012
20789
14426
17876
25889
15053
10036
20385
25089
18500
26030
14113
14000
7778
15681
6429
18817
15053
21326
9408
7683
10036
7527
14426
8781
8467
15681
19444
9252
37633
15681
9364
13485
30420
44134
13328
7683
11200
13015
27000
15957
13485
42152
32929
28852
13172
6272
21953
26030
6429
18817
16308
23101
16935
13485
14113
22567
10663
39458
29777
9095
47042
13000
7840
26030
39201
20266
21972
13328
12544
25591
13172
7840
15053
13485
47694
14500
18346
7840
10976
18189
10976
21326
26030
16308
17562
19579
18817
15060
27654
8624
25889
6899
7840
16621
12544
21953
8781
14113
8624
19444
7000
9095
14740
18817
21953
8467
28852
25264
17405
11917
42400
10663
18503
46251
41048
15681
9565
19130
36711
11917
12074
9565
31047
9408
15524
22580
7997
7000
20385
15681
13485
39201
27093
11290
6899
14426
16621
7000
14113
13485
47217
17249
6429
12544
29793
15367
44000
18760
15681
19757
15681
10036
15681
15292
16621
20266
24415
12544
44545
11133
14583
7527
16308
20491
13172
8154
22894
18503
26657
18189
25763
19707
11917
12544
19121
12544
18817
24148
14113
21953
14113
7056
16308
15367
27654
8000
6899
21297
12544
23521
20385
37006
15681
17249
7213
23834
20385
21326
22894
14113
47042
29793
20171
18384
12272
9095
14113
7056
11917
18817
16151
20005
19306
7213
12585
21012
18503
12544
47042
17719
23521
13172
8154
43815
6899
23521
9722
13328
10976
28241
9095
14583
13172
37633
6899
15681
27356
13172
12858
18817
35610
29793
11917
18817
34497
19130
18817
14385
33575
6899
9252
10000
7056
9252
40769
12544
18817
16400
14113
19130
14740
16308
37354
17249
27174
6272
23521
37006
18503
14740
10976
43592
6899
8467
30326
23521
28225
8500
14454
6586
45542
16894
22580
6586
16935
6899
42337
18817
39829
40340
13877
8781
30750
9408
7213
9408
8154
29793
27921
12231
6272
7840
23433
17876
11760
14113
6899
18503
15681
20385
10349
18817
6429
9722
45210
9408
11133
9095
10349
10349
22840
40556
24148
42651
8634
18503
26657
39201
28225
43905
8467
18817
15681
18817
21608
21953
6429
17249
21395
37730
20698
11290
36235
6899
42334
19601
20385
23207
9722
18033
16621
14113
18817
13172
14454
10976
12544
40769
26770
19287
23521
37984
15988
7527
21012
47042
28225
11917
17249
13771
13589
45204
23521
18503
13328
12544
14426
43278
18826
22900
28608
14740
14113
25399
26861
11917
16894
12544
36401
21326
18817
47042
24283
6272
39201
14113
16621
9722
34184
8006
18189
13953
8154
20698
21639
10976
21326
24775
15681
8500
17562
41917
18817
12256
11447
9408
18189
10506
27284
21326
15994
43592
43868
20385
29489
24681
11290
46414
6586
20814
13476
11290
23521
10349
21953
30891
7213
35124
6800
40092
24600
11290
40456
23207
20266
13900
18189
14426
24283
7213
22260
21639
37320
13000
15991
23521
14715
8467
10663
27425
45436
22063
16621
22715
13150
28225
28225
39201
19130
43545
7527
36366
8781
7213
20005
18817
22357
12858
45342
17876
6586
15681
13799
13485
23521
26030
6429
15132
43435
16935
11000
8154
9879
6899
6300
6899
11290
18189
21639
19757
35124
13172
10349
16935
34419
14113
11290
20700
19444
16932
11604
11917
7840
6586
26657
11917
21012
22580
15994
27284
13771
17876
22580
10036
24148
36065
6586
21326
42337
36065
16621
15681
8000
26475
6899
17000
8000
15367
8781
39201
10036
45633
6837
23521
20385
11290
11917
25032
21953
26657
15994
9095
7527
7213
17876
19416
19914
21326
17562
9722
11290
26108
11917
26971
17249
33556
20698
13799
18798
36065
16935
15524
8674
21326
19369
11886
16753
8781
7213
18817
45210
6429
20385
14113
18817
9722
40045
18503
40926
18817
17876
18817
25139
23521
18189
34497
24775
25597
12777
44247
12548
45210
8154
18817
7213
20385
19080
18660
24775
24775
26475
12544
14740
24775
25089
22580
11704
8467
15681
26306
18660
9252
34811
16621
18305
23235
7056
11604
13946
6272
18826
13485
6586
8311
25299
14113
23521
9565
35438
10036
19444
19601
15681
13642
17876
17249
13485
38445
10036
24000
23834
11099
9408
46101
43394
17405
44545
32929
21893
29087
14897
8781
14269
19416
9408
9408
41710
16935
20071
18817
12858
6899
9722
26594
13485
20266
10986
7997
45473
46101
40142
7056
13589
11604
21953
17562
15681
47042
17923
16308
35269
17553
29793
10976
16954
15681
16621
39615
9408
29479
18500
13642
47217
18669
18000
12544
12701
18817
31988
43905
34127
17405
26657
21181
15053
10036
10973
7495
20385
10976
21012
24462
26030
42883
35124
28225
22580
6968
17562
15367
40092
7527
15681
9408
39201
16151
10349
13328
20266
32973
40142
9252
26096
10976
11604
18826
13172
23207
17249
27889
9408
16590
39829
17249
8700
18817
10349
40983
13799
6586
13642
24148
20764
18817
39201
18422
8154
7213
7056
6429
12544
13956
12858
38229
8154
11290
12231
12388
11290
23521
28852
43905
10976
22580
25669
10349
22894
19761
42337
25089
42965
32302
6586
23521
15837
36379
13987
18817
17249
9252
14454
14426
11917
16778
9252
34497
13799
11563
16308
11290
26030
39499
29094
31317
20266
18817
24458
17634
18679
10820
21012
7840
24462
14500
9408
6272
12585
18817
45473
33243
7527
13799
23521
25591
8000
33230
21953
18817
15681
8781
35438
18503
17158
11917
34074
25716
32929
6586
19080
27924
9408
13172
12231
15681
22580
6586
42218
19657
36539
18029
13495
19883
43868
10000
26971
8781
6429
10349
14426
15367
12544
40340
44724
9408
15367
20855
12858
21169
15132
16935
6586
24302
13172
10349
15994
24148
19444
20237
8154
7213
14113
6586
10506
36692
7056
36065
20385
9879
6899
17562
11604
18503
13799
15524
40769
8154
17249
40983
7840
22291
21012
17249
15524
39829
25440
17249
24148
10976
14856
21169
8500
9722
19657
17249
25089
20071
10036
37799
15649
9408
14740
18362
16308
46621
13172
24462
12541
32954
11917
13172
7840
22266
42692
13630
27946
14740
6500
46728
14426
10976
15035
12544
31361
25000
8467
13500
10976
8154
8781
25274
22580
8778
9408
16508
18503
16289
13485
28225
19676
19914
20385
44134
11917
21326
11917
15681
7213
28423
21103
26657
14113
12544
19121
10036
14740
7997
10036
19757
14583
34184
20209
28288
14113
21953
17719
44862
7840
11604
7527
17249
12544
13485
21326
15994
17500
6899
15053
8781
29166
16894
7840
19281
17562
10976
15681
24176
26500
10349
9408
13000
8311
36065
8781
41397
30420
24462
26372
8311
26657
14113
26030
17876
16481
10349
15681
29144
15367
9832
12074
13589
39559
19943
10349
14113
15681
24302
21000
18817
11133
42102
16000
42337
48296
37476
21953
20385
13987
18531
12544
17249
15988
36065
10036
26657
7370
43360
15053
9408
13485
30750
26030
10036
14113
27174
14426
9408
26030
14834
44500
18826
18817
27000
37633
7840
15524
14113
21639
8467
42337
22269
21940
7997
11133
41867
9095
12544
14959
17876
15367
12720
42692
16621
11604
10976
13956
7840
7310
10663
22947
14113
30583
24148
6586
30602
21639
6429
36827
13328
19121
26971
10976
35269
20385
47000
10976
27284
8947
18158
17249
15200
26657
33378
23207
28852
23602
20278
22894
9095
11290
7840
8154
22279
14113
9408
21639
23207
34497
20071
15681
14269
19444
13799
6586
8154
26657
16621
23772
7213
30734
18240
7840
6272
15681
26971
14897
31047
14740
47669
21953
18817
12858
22894
20266
13482
14740
9879
16741
15423
30750
22266
7213
19441
25716
7213
42692
6586
7840
18817
19121
43576
21000
10349
6429
45473
11290
13172
25889
18817
8781
14113
7527
13796
25089
17249
17876
12544
18189
9408
22580
14426
14115
36834
13485
27924
28532
9722
6617
6586
24267
14884
10663
11920
7119
17000
19384
27654
32311
13799
28225
13485
21012
16308
26030
10976
13485
8467
8467
31414
16465
7279
17876
12544
15837
11800
19068
26372
9722
13172
10192
8311
10036
26657
15530
10976
38574
13485
8467
16621
6272
16621
6899
19482
26343
8781
24148
22649
19130
15612
16621
8000
20385
29793
20071
15367
25716
7527
9095
6899
8154
26657
12231
39189
15367
11917
21181
13796
8781
37633
19547
14269
8467
30282
13488
44047
10349
37984
18503
10660
19757
14740
22580
13485
20005
16621
8467
24283
13987
8938
19707
8643
17346
12231
18817
25089
14021
20385
35043
7527
34500
13485
14113
10976
11604
11604
9095
17249
16778
32929
34497
15681
8781
28225
9408
11917
15367
28532
18189
26594
9405
17249
18503
19444
11604
22840
13799
21012
8311
43000
31361
15681
11133
18189
14740
16766
15847
13485
43905
24462
19726
35124
8781
6899
26030
12858
10976
18503
12544
8154
13485
31047
16935
13485
14269
30734
10349
7683
10663
13485
17092
14583
36166
18817
12980
14113
7213
23436
13172
15053
15994
15681
15994
16621
15900
12544
11290
20071
21655
7840
37633
14113
28438
22266
12074
10976
31361
15367
11604
8154
20698
9377
47042
7213
11447
10036
17876
25089
15367
8000
16900
33538
7514
7840
8154
9408
28225
14583
15681
7150
9408
39085
33870
30856
11604
13485
44517
36065
25089
20000
11563
11917
9252
7840
6899
36834
13953
25089
9565
24462
20228
20800
25716
9879
39750
17035
40142
15681
28225
46101
12544
11000
36235
9722
12544
31047
10036
14426
10192
31361
24148
45633
16621
9948
21357
18817
42337
23521
7527
14426
12858
10976
26795
15681
28059
11604
10976
9722
7840
47217
18826
19914
18817
23834
19130
26657
12544
11917
41281
31988
11917
39829
23521
16741
7527
17249
13589
8781
23659
14113
12231
7997
12701
15681
9095
42400
17249
42880
10036
15367
12544
26343
10000
7213
29793
15524
37633
11290
9408
26657
9095
17249
14586
15367
12701
14426
44134
18400
15681
30734
25089
9600
21739
7119
25264
12858
20071
19707
12858
14454
45473
7840
6272
8781
9408
14269
15681
15053
21639
9408
21012
10976
7997
12388
9500
17562
16621
15210
35839
13485
21012
18189
15612
8148
11917
7840
12231
12544
25299
32035
15367
11290
38894
10976
28225
23521
14269
44752
7213
21326
10036
10663
48277
15053
11450
16148
21953
16960
6899
16621
23834
15681
10349
20385
26657
15053
11290
12544
34811
6586
11099
13328
18240
8154
18817
40769
7840
19757
18503
24198
11726
25089
19444
30734
12585
16151
12544
30417
23521
23104
15053
22580
42692
17876
36231
34811
19243
13172
8781
41281
19757
8154
29166
12544
10976
15681
31361
11604
21181
11133
15681
34240
16766
25264
15053
40769
20382
20385
10976
11917
16308
15994
16621
8154
34811
21953
6586
26425
7370
18189
8154
17876
17876
14740
18817
12544
28225
19757
25089
18189
9252
9095
13485
29793
17264
22197
20385
12858
14454
15210
14426
10202
6899
11290
19757
28225
14740
9408
16308
20385
18826
6899
16308
18503
37633
21326
18817
12231
6586
31361
24148
9063
42692
14740
10976
15681
25402
29793
21639
10976
25089
43905
39201
13231
6586
8467
7213
26343
23207
6586
17249
33000
15367
7370
44517
29793
19089
14113
39515
26814
7527
14426
16778
16935
7840
9408
18817
37238
28391
10663
7997
23207
26030
11290
15500
36485
23834
15530
7683
34406
17249
21012
7840
21953
25089
10036
21953
18503
7213
10036
31581
11604
13485
14740
21500
7213
25004
13642
8154
36065
33550
28059
11604
34406
9408
14113
11604
10976
9408
20698
12700
39201
6272
16621
14113
9408
21953
9408
22894
7840
18503
24462
13172
9095
20322
19974
31675
14269
21012
44166
11290
21357
16308
38894
10036
24123
41811
23521
26196
18440
22894
48048
48261
27598
14740
6899
18500
14279
28852
7527
14113
39161
21953
23521
7527
23207
13485
9593
18033
12544
25744
16546
22580
12600
6899
10976
20385
32302
21012
45473
45473
9095
14113
11604
17249
21012
17562
32929
12287
23834
14113
8781
13987
28830
13485
11290
34108
17249
17249
11000
18817
11133
11290
19707
6429
8781
16621
16621
36065
15323
43576
6899
31744
36567
28222
45025
46251
21950
18189
7840
19444
13799
24148
31581
9722
12544
32929
31361
39201
7683
14740
38894
23207
6899
7840
32973
9565
29552
10976
7840
14740
21768
11917
12858
12000
11604
10000
20005
16621
22000
18817
26343
14740
10036
13485
45210
13172
9800
20526
11604
11604
17562
16778
10976
28909
11604
8467
16308
22580
7527
21500
11604
9722
22843
18189
14740
16621
24462
42171
14113
15053
34497
42651
18817
20385
30734
18124
9565
17562
9408
40076
13423
27911
21639
12544
21953
20385
16900
14113
16308
29166
10976
40142
42667
12500
40983
38809
33086
12074
36065
15681
11290
7997
40769
19444
17249
15210
23521
20385
18189
8781
34184
19757
8467
36137
15681
22266
30734
22894
16778
24239
10036
42651
45436
16308
18033
42651
10036
16621
11447
14900
19874
17054
14113
14113
13485
31361
15367
24920
45044
10036
39750
22843
27654
25597
15681
18189
7840
8781
20071
44542
16621
40092
22894
39750
27190
17249
12231
7840
26657
17876
13172
9095
16621
18189
11604
20488
28852
11604
11917
43905
8000
35438
30596
8154
41701
21953
21326
18240
32302
22693
15994
9408
30734
30351
23521
23521
16621
20385
6700
43905
30082
21950
17245
8311
20385
18814
17942
36065
12544
10036
14583
38445
9000
34108
23521
20385
26343
25500
20385
6899
8311
6595
21639
8311
21473
18817
7840
16465
11133
13877
20786
11290
18817
11895
10976
15470
44752
21699
37633
9747
22000
10697
10349
29793
21639
13172
9408
7683
15681
30000
13962
29420
33575
18817
23207
7997
12388
40926
46251
15994
15681
11604
21363
45436
10349
17876
9408
20385
32302
16850
15132
18189
25889
17876
6272
10976
11290
12544
18817
29586
21326
7213
21639
19736
17346
13799
15367
10976
21805
12544
6586
7527
14113
16264
13172
17663
7840
14740
9722
20005
21395
17249
9408
17346
10349
40983
35752
9252
25716
20149
19444
17249
29793
21953
23239
33236
44517
10976
17876
27911
14113
21796
9408
14113
21500
28241
18817
6523
20266
6899
18503
15053
7213
39201
12544
19444
28225
17249
15681
13172
15681
43905
8467
7222
41553
14113
9565
8781
12541
7840
7840
6900
11133
17813
27755
24148
15681
18503
38822
8154
8781
22266
11604
9408
18189
14269
9092
12388
19130
15994
34497
6586
42845
40769
14740
16621
8311
10036
25089
36899
25729
20385
6272
12074
26033
16894
15612
9722
11604
8467
18189
17249
18817
20385
7683
18817
13956
21790
11917
7213
25089
26196
21796
13172
44878
10349
7200
15053
13297
11604
8624
11000
15053
12432
18817
20005
31988
8467
19130
17249
23239
18211
20385
7840
21326
6272
19444
17876
22075
26657
9095
10349
20817
11290
20005
12544
9408
11917
7840
13799
18189
9879
28532
6272
11917
18531
27598
15681
20266
45872
10964
35752
20385
27911
42218
34497
34635
14113
10635
17619
19444
44752
43278
8781
10976
18817
10976
17876
29586
11917
8938
17249
19757
10349
28357
12849
25591
26701
45633
9722
15210
16308
15053
18817
39493
23521
10349
16571
26657
36827
10976
18500
15994
16151
14583
8938
10976
44523
15681
34811
21639
6586
14113
26343
38888
44608
21950
18346
14113
8467
11447
12639
11133
8123
15367
9408
38574
45436
10820
15053
48566
46728
17249
27755
9722
46919
36564
12544
6586
17415
12544
18817
13485
18503
14113
18817
30734
27065
14069
20385
36228
26927
13172
36400
8938
28830
7213
11992
15994
11604
9408
17562
23521
7997
30750
29793
13956
8781
16041
30734
38737
22894
6272
24458
43880
35338
37633
7527
16465
8467
16766
15367
16308
13172
10036
10036
19444
38574
7213
21639
40769
13172
17249
16778
30640
39201
23207
11133
29504
8467
7527
47810
15577
21953
38311
15681
15367
14247
20698
25089
21796
36197
7527
13172
14113
10976
44849
10976
15053
8467
16935
21326
24462
10663
20266
18208
14279
14740
20698
21768
9408
15681
23521
34497
24148
9722
12544
13438
38213
6272
16618
22577
38580
14426
7213
15323
11760
19800
25591
25500
9829
9408
17405
42337
8467
10349
20385
13328
20526
6586
9314
22825
31361
9722
29793
11133
15681
14113
21639
17249
30734
11704
10976
17092
20005
10036
19444
7840
16010
7213
15681
10349
11133
47107
27911
16621
12858
43548
20237
18503
13630
16621
7056
13485
14113
10036
10976
32945
17562
45445
39829
9722
24571
6743
38016
19444
16935
15681
11290
17942
25089
14113
11917
9408
6586
13000
15100
10036
32615
18189
6272
28927
31248
29479
11604
9418
34836
10036
11604
16041
9565
13953
8311
22894
6272
8781
12880
32772
24462
20228
27541
12231
13172
29793
25089
16621
21326
17700
18660
6272
11604
7213
23834
46919
37006
7700
31047
39201
7213
16741
10506
18189
7900
23521
41710
29166
7527
18500
7840
15681
7997
10192
10820
6899
17249
28592
21636
36065
14500
23521
27000
14586
40224
27284
38016
39559
7997
34102
7997
7213
12500
12858
19444
12388
8154
19444
20372
21918
10976
26186
10036
36065
36065
31361
11917
41553
13015
13485
10036
24123
17876
44846
29793
25089
24148
12231
8386
8467
32302
29950
27598
43278
26030
7840
14897
8467
22580
16308
43576
12231
18817
15681
40889
23521
9095
25559
21410
8781
10663
18817
37633
21103
27500
39201
22894
16308
21953
38229
32929
13485
9252
28539
21012
12500
6272
21012
40064
19444
18519
18817
28225
11604
15681
14069
18500
18817
11290
19657
17719
13485
39559
21953
17249
7840
10349
15681
30200
27284
8938
15681
10036
12083
6586
10036
27598
11917
37320
9095
23521
21012
16621
18503
13172
9408
29479
20385
6272
31988
9565
9418
10663
11917
10349
11290
37633
9722
14740
8097
8154
14834
25089
20071
9565
6899
17249
33908
7840
18669
10036
34497
16935
7527
8154
7527
40456
13642
22894
37984
24462
11917
17249
10976
15063
12522
7997
16308
19121
13172
21326
37229
26030
7683
35752
27284
12858
45044
14113
22894
6272
19757
8467
47201
10976
10036
9722
11604
25716
8311
41811
12388
8311
10349
40889
10036
10349
29793
10820
11133
22357
15994
17249
18817
29793
11290
40769
12544
36065
18503
10036
9408
13172
13485
13485
19444
12858
27356
11290
7213
20071
11917
13485
39044
32744
9879
32929
16308
13764
12544
14740
31650
17249
10400
22110
8450
6272
19914
21937
40142
18189
15681
18189
8467
6500
17249
39161
25810
8154
21639
19444
10349
13485
17562
17249
9722
17876
11290
10663
9408
25716
11917
41883
23772
21953
19416
35850
10722
17227
16308
44545
31659
13626
17249
29793
10976
20005
20814
16308
22266
37633
15289
9565
28830
7683
12858
21482
47042
29793
10663
15367
10192
7213
9000
9252
25089
13172
13799
17562
27911
10976
12000
41281
12858
14897
6899
19757
7188
46919
10349
10349
21181
15367
15681
27598
8467
36219
12231
6899
18817
21012
7213
37062
16308
35736
17942
13495
15994
16308
23521
14426
45928
11102
16621
20266
16327
7840
30107
19378
19444
14113
17562
7260
17054
11133
10349
35908
24148
23521
12544
8467
10976
8300
15053
14906
37633
19757
30734
15367
10976
20698
17813
10036
10036
10663
20385
21953
13626
11541
14113
24462
23521
31988
13485
19130
12858
23521
33575
31204
21953
22266
7213
7840
31653
26030
30891
20385
11290
16308
23521
7213
46728
10976
15681
12858
8781
36968
31361
42692
16286
39201
23521
14583
40340
39201
7200
11604
9722
14069
8938
12544
44533
11290
21040
17663
17249
18503
24415
29793
9722
21805
10349
44219
10349
12544
25089
20071
16621
9408
22894
8000
23521
44545
6272
10976
44134
17562
15483
7213
20385
13658
10349
15994
11917
10036
10036
32274
14800
18189
47669
16935
34406
10958
7840
31988
32929
11290
20385
32340
9408
30734
19121
18500
6586
12701
12000
12544
45825
18189
15624
7840
10976
16455
36065
8467
21953
43278
39201
18817
8781
10976
27284
24462
14583
19757
15681
17249
28909
18422
10349
19130
9408
10976
9722
39829
7840
16913
19444
8938
7213
12231
24327
9408
18503
24148
9722
15000
10349
24148
10986
35557
7213
7213
11290
14897
30734
9408
12858
18503
28909
21326
37633
7213
21326
40926
16308
39201
45734
13564
17249
30367
20698
8467
14113
7840
11290
11290
25729
21326
26613
27598
37066
17249
32973
20228
17249
15681
24327
21953
6899
16621
22166
13172
15053
16123
8781
43000
35902
28225
18189
6899
17035
15063
9722
35846
15524
38060
11917
17562
16465
27654
6899
19130
15681
9565
21953
17249
8154
11964
21953
25716
30750
9000
21326
18817
13642
23834
15367
26030
15060
20071
11290
35269
11133
6429
18817
11704
36808
20385
23207
19757
15681
13172
6500
16894
11604
15681
9408
26971
25089
42052
34406
23521
10036
6586
15994
24029
6893
20385
14166
23000
12231
7840
25638
17876
19369
35046
23834
14113
11917
15994
17876
40926
17249
28225
18616
8781
15681
10820
23204
10036
20385
18189
47217
7527
14740
35900
10349
9408
37947
23207
13500
38737
46414
12544
9396
20209
10036
25512
11604
6272
10036
20385
6899
16308
9418
13322
25889
18092
19384
8154
27654
12544
21253
14081
10349
29216
22357
10663
30931
10192
9722
17876
20385
37066
13000
16308
7840
46490
45633
16621
21953
19444
14740
36065
24738
14113
25089
8154
21012
17249
17158
26030
20855
20698
43902
15053
19444
39201
43905
16621
26657
22200
18503
12607
15988
12544
7213
7200
17484
41400
26657
47537
10976
23521
10976
6586
12858
12858
17562
8963
31047
37959
12544
9408
13485
25089
24148
20005
26594
22894
13799
14113
10349
22266
10349
23521
30734
7000
7840
18817
18817
16621
33575
12544
40769
39026
23521
14113
17000
25243
17249
14426
10976
11848
13485
48610
8154
17249
42337
9095
13799
9095
16621
8467
9408
23521
17249
16900
12544
26657
26657
10036
13485
26657
9565
7370
29169
7840
11917
7997
19369
11290
19130
40889
20385
7213
22063
16138
7527
15367
21953
8467
15994
11917
22580
10976
31361
9408
16935
22621
31361
45674
12544
9252
18660
12544
19444
26030
20385
19444
18211
10663
45473
7840
12544
15681
11604
6300
11917
13172
19030
11917
11290
12544
22947
6272
23521
13485
18189
14426
17876
20385
9408
46728
11604
28225
15677
7213
11917
7300
9722
13000
15681
19757
20385
12544
10976
20341
41710
8154
12231
18817
7997
32302
15994
26030
31831
25744
15681
13956
17092
47042
10000
7213
8781
26657
37633
46728
15681
15681
25456
36065
17249
12858
10976
16935
21953
8624
13328
22894
8467
27924
28821
45633
19130
39603
26255
45445
29777
12544
8781
40983
18983
32305
14897
13495
24462
15367
23678
14113
19416
10976
13485
15681
12388
14269
47217
10349
10349
7840
11886
40769
29793
18817
11290
22649
9722
10036
23834
30734
19757
25089
21639
18503
9095
14113
14426
7840
15925
42692
13000
40769
41629
37633
39201
29793
14740
18817
20385
34811
33243
32377
32954
11917
6899
35046
21953
19130
13764
11604
19130
27911
7840
18503
8467
17942
18826
18817
36827
13485
12544
21639
27441
21326
39201
25089
14113
10036
10976
9252
9408
34811
8500
31361
12544
29323
31047
43905
19444
18817
13485
10036
15681
29479
14269
30564
47042
15367
15367
39499
20385
13328
17249
21326
10349
8467
31047
35752
12858
25086
10036
16621
26343
12544
28222
11604
9500
21109
9565
21953
6586
9408
7213
22934
28608
26657
17249
33500
6899
7840
16935
17876
18189
13485
7840
15681
7213
7527
29793
14426
42369
17249
10349
8154
6899
11917
20385
25823
16621
17562
8154
16599
19444
14740
8467
6899
16788
27284
22332
16621
13172
14122
11964
8311
16894
19676
48534
22894
21950
47669
6429
39201
16935
15500
15681
17249
12861
24148
25089
34497
46728
24148
18826
47042
13877
8985
20266
20200
20000
14113
11290
23678
21410
20385
12074
9252
43278
15367
22580
15367
8467
19384
22580
25810
12544
11604
30784
37633
43868
16621
34074
28241
7997
14000
37947
15681
19312
21953
25089
15850
11133
19757
35438
21181
26770
7997
30712
9722
7213
13172
17249
14740
36692
32929
24148
15681
21326
20883
28357
46223
30734
12858
10349
23521
33214
28225
34811
20450
18817
11290
10976
40769
10349
22580
32302
42651
46414
9722
9565
15210
30583
15367
7000
6800
15210
37006
10663
18817
10349
17876
46728
10036
18033
7997
22947
22580
9361
20385
11290
13328
29793
8781
13203
18817
22063
8311
23518
20228
15257
45542
16308
25889
13291
30887
8154
23994
10349
24462
17559
10000
17876
13172
18189
20777
24239
16621
8938
9722
12544
21953
8781
19757
14113
21012
6800
12074
7200
44878
16151
15053
23834
11917
7527
44843
24462
11917
12231
45044
20266
8781
16308
20698
24148
34497
13642
12522
10349
20266
14269
16935
11604
6899
36827
16960
10976
7683
15053
11604
8781
18422
7840
7213
22266
11290
13485
28852
24932
37006
11604
40769
19444
13500
20385
25810
21953
10976
6586
14426
41259
27284
11917
21987
8311
6272
22545
28830
16308
12544
23521
8154
15053
25716
36068
32035
21953
14740
20385
17876
10663
9408
27654
19416
28523
13946
23521
11290
22894
6600
6586
22843
17092
27284
13642
9408
17346
22580
18817
14740
15681
23521
13799
27598
24148
7213
18679
11290
16408
25089
8781
7840
22649
11368
11604
9408
9095
12541
6899
8311
13172
6275
18503
15681
14113
25889
19444
16621
14113
12701
42692
36968
18189
8781
6500
11447
6586
16443
8006
14856
10349
18817
7840
25716
11604
31988
18000
28225
17500
14426
23521
19757
13485
11290
14740
45473
16308
9832
13013
7997
23207
15681
19000
16358
22357
9408
16621
10986
48296
14740
7683
7840
9095
16308
12231
9879
13172
10976
9252
6899
9722
37006
23678
18817
8154
8781
13485
12544
11726
6272
28539
20297
20385
15053
22580
38157
20266
16621
40362
17249
7527
25716
26657
21639
17240
13799
7840
21473
25716
28423
17876
21953
11917
6899
24029
21012
21953
6586
34497
12544
14500
19416
23834
9095
26306
28852
13172
14113
40769
9000
15681
11604
21953
31047
9722
6586
29323
6586
16308
32045
21012
11604
32973
11917
13172
18817
34240
7527
24123
7213
7840
15681
15053
7213
31361
21796
13485
31361
29793
29793
21953
23994
20385
13172
28225
21395
18189
12388
7213
18798
13485
17249
14113
10036
33494
10036
34692
18033
12143
26657
6743
18189
10349
9832
17719
15681
17747
19444
17562
42337
14113
22894
12231
45473
22266
16935
15681
30326
16778
7527
17249
8154
28423
11917
12544
18189
20385
17876
8781
17876
26591
19757
14269
12544
6272
8000
12388
11290
27294
17249
12544
16891
24148
31082
10036
15681
19121
10036
15681
8154
19444
17249
9512
7840
15681
18189
15524
36065
10976
15994
13793
10976
16559
46518
12544
32929
6586
7213
7370
7809
16308
7683
11133
15053
7840
32929
25597
43360
17876
10036
32929
15053
25716
8311
12074
18000
21856
19757
12231
36065
25089
10349
10976
33707
16621
15245
14269
14897
14113
9252
18817
18189
7527
18817
29094
29479
18503
45787
11290
14113
22580
23521
10976
34657
10663
13172
15053
19130
19444
24148
10349
13454
6429
10349
28241
14113
21012
11290
10976
48296
23521
37125
12858
7919
25591
14909
15053
7840
21326
11604
40688
7840
16894
36065
29793
44943
17562
25089
22649
21953
19757
17700
6899
21326
36802
25763
13799
10349
14740
12231
11290
27065
6899
14426
21953
27654
14113
15681
47042
30740
24462
21012
7840
8467
25716
6586
11274
8154
19924
22197
17249
23082
21975
16308
9095
30351
8781
10976
9656
15367
10663
14113
15681
15681
17562
19757
39201
42218
10036
36065
10976
14583
10036
16621
24148
22737
31675
13328
36733
24148
17158
22580
26324
12544
35344
26657
12231
25591
7213
11864
28909
10663
21953
6899
10976
9879
11917
19306
16308
11604
32409
10349
6586
43952
46728
13310
43905
9722
19444
7840
34419
11604
38445
18503
19444
13172
30420
27911
24000
11604
6899
22110
30420
8467
21326
12544
27504
10976
17249
39829
16000
14113
13485
7370
18092
28852
28852
16308
21639
20610
38822
16935
28100
11760
16443
20385
14740
11917
10976
7809
20068
17092
43278
23521
11604
6272
10976
11415
9095
17876
37611
8781
22580
38574
16621
12858
31047
10976
10036
29793
38762
14740
9879
9565
26657
19444
16500
10036
48610
14269
16465
23521
7527
32311
36730
43952
29762
24327
18817
15681
23935
28225
34108
9252
23834
21639
8624
13172
23207
26343
9408
36834
31047
15053
10635
10036
10036
15681
20698
11917
20005
11864
18503
6586
8781
30784
28225
8938
21639
16621
6272
7840
43880
32393
8467
7840
14454
9252
6272
12388
30906
27065
45633
10192
21953
19130
17562
26030
14113
44247
22106
38574
31361
6743
13172
7997
37984
18503
9700
15681
9346
17876
8781
8800
16480
24709
9095
13485
20071
23521
10976
16960
17249
23521
10672
10500
7527
13799
22825
8467
34836
19306
10900
17876
7213
18045
24462
46022
8467
39201
9408
19444
9400
31248
7840
18503
9700
30063
9722
10036
19933
19384
20071
36567
11917
10976
35168
10506
19757
15994
17876
6500
34340
18503
13485
25716
14740
8467
14269
20385
12544
7840
16308
22567
28225
15053
21639
11917
27598
36219
29793
45674
12858
18346
39829
34074
30891
22549
10349
14113
43655
7213
9261
16935
16465
34406
44134
15053
40224
20266
12231
12027
23207
8467
10036
15681
14113
11604
34980
40769
33870
10000
7213
18817
7213
11917
26927
8154
9408
18660
24148
17876
10976
8075
9879
13702
10092
47989
8500
15994
10976
10036
26030
7840
9252
11917
6899
15681
10976
7840
15524
19121
14113
18647
11447
6743
14426
7700
21357
30063
8311
8781
7213
15681
43576
7840
7213
7213
17249
18189
12544
20171
26343
46728
26657
16308
34692
22580
11299
6429
16778
7683
19757
36774
15132
31361
10192
20071
14834
43062
17249
13799
38400
11604
16778
20071
15210
17562
17249
43278
16308
11133
12554
12544
21953
7527
17249
8154
16894
30151
11992
46728
10349
20266
37125
17249
7850
12231
14113
32035
16151
9500
16621
7213
27924
15681
9252
10506
16621
31659
10976
12231
13485
11807
21953
16935
23521
7213
12231
41811
11917
7213
25089
7840
10349
8467
11604
45160
10349
16000
9408
21953
16935
8963
6586
22580
13485
11200
33243
9888
38609
10506
15367
20385
40769
22894
18900
8154
18817
15624
26657
17562
10976
16621
15681
28212
12701
22580
40769
41547
15681
10349
24148
16308
21326
30734
44865
45210
7527
19444
25716
23138
6899
18817
28225
17249
14113
20005
19309
16308
7840
13015
18503
42933
26657
14113
48610
16621
7840
8467
18240
27435
16308
10976
7056
28225
12231
32929
15367
12000
21796
17562
9408
7837
15612
21953
7527
15994
14897
39829
31361
16621
17876
11917
11917
27946
19130
7527
31581
41547
20005
18503
14069
13799
13172
22433
47042
15681
24327
33230
22580
33500
7683
20071
16500
29479
15681
17249
15000
42024
7213
8154
24618
41710
16308
7527
14113
15289
16935
10192
7527
10036
17305
13172
30420
14069
31361
22580
10192
27770
21012
18503
16935
8467
7370
10036
9252
9722
18189
36379
14113
10036
11604
7683
10036
7840
39201
28225
7840
26343
7840
18817
12544
6272
41886
45542
14113
11133
29793
38888
41221
13328
9700
29950
46414
19309
9722
11604
19914
12513
34497
15872
7997
14454
14426
21000
14966
10349
10976
23521
7213
10036
9700
15053
23521
7213
16621
12544
29479
10663
9408
14113
19130
12858
34406
15681
26657
30734
13799
21953
25889
16621
10976
9060
29479
13485
7500
18189
12544
23364
13642
28852
7840
7840
13172
29793
6586
35570
10976
7150
37633
11604
13093
25716
9095
32302
7056
36401
11917
16935
18503
8467
39201
19071
18503
42337
11917
6429
16869
7806
23521
7840
6272
21940
16308
15994
9722
22894
10036
26657
19130
37232
17562
19416
29793
8311
14113
7213
15367
45473
37633
30420
9418
18817
11604
28830
40688
36899
15125
10000
18826
14113
31361
8467
26491
14897
14740
23207
37633
10036
13178
26343
25089
26657
18826
28852
12287
16621
21805
34497
9408
26971
14113
9252
9095
6500
43278
9408
11604
17249
10192
22580
15257
13172
16935
8467
15367
11604
16935
17562
27284
48403
29777
32302
12544
12880
34808
31581
22423
13172
21181
21395
11290
13328
16465
20266
23060
15681
11604
7370
9722
12800
10976
40983
16766
15000
6899
15681
10349
14583
7527
19444
9252
18817
9408
15681
28852
40769
27284
15681
16935
19444
17484
20237
17876
14834
9408
42337
12858
8467
21768
7213
9095
39829
9879
18189
17300
12544
22502
28600
13172
6429
20918
13172
11133
11133
15681
31047
12231
6899
27654
13172
21953
36000
15053
16621
7997
18503
10506
7840
12544
6899
18500
18817
20385
10976
43905
10036
6272
46728
32145
8500
14740
13172
14426
23436
23734
19444
12074
10036
17035
6586
8154
12544
21953
9377
14113
47076
15681
28225
9722
6272
9722
15053
12544
28225
13962
21953
6429
15677
11917
7464
22715
9095
16935
13172
43868
24148
48566
21103
26180
17249
23207
11400
15053
19601
41720
7840
12858
17876
14113
17562
27889
17249
19757
9095
20228
13172
46414
7840
7527
6586
15100
6272
10663
16838
12388
18240
17249
14113
14740
15994
14426
19601
28225
16599
14113
20385
22580
17249
10976
32973
10349
29793
39891
17942
14113
11290
14113
23521
20385
8154
10036
23521
12544
34497
34657
10349
15681
18033
32302
6586
15681
13172
16621
12432
36231
18503
10349
19121
13172
18817
10663
40769
8467
16621
6586
16621
10663
15681
9408
16308
9252
20526
30734
9095
27065
17484
24775
17876
39201
12858
14113
9408
15323
8154
9722
15681
25089
26814
17876
37633
15681
30107
26814
13485
19444
11917
17562
13604
21012
9252
9095
18189
17249
17562
15132
25089
8467
7840
16308
14166
13658
8781
24327
13485
6272
31047
18240
12855
42171
8778
13485
18503
20385
10349
13172
34419
13360
20385
7213
31988
6500
10976
8163
17405
27065
10000
44166
27598
11133
9565
17876
20266
22580
25716
11290
37633
18817
19444
10976
15681
16599
21639
46728
44846
6899
13172
6586
11290
16151
20385
15053
45473
7213
15681
9565
7213
24462
10349
41193
15994
27065
26296
9408
8154
9408
10036
10976
9408
21012
11290
10036
21953
11900
25716
9722
6586
8311
15053
9252
9408
7840
11287
31421
15053
21012
9722
27190
6272
22580
8311
31211
40456
7840
18817
8643
18503
47201
14166
19000
16151
11917
36899
36065
9832
27911
16327
16088
11290
20438
35005
6272
6272
7213
13172
16308
37006
12231
12544
11290
15367
14740
37984
10000
25500
12544
41221
35927
24148
42764
11290
11368
24775
19287
8781
15681
23703
15524
22580
16308
15994
6899
35309
24029
37320
19707
9408
11000
17876
10036
7997
20071
24462
7527
15866
35438
15367
16935
8154
18503
18817
11604
10976
31317
11290
18817
13799
19130
16621
13172
14062
27827
7527
22580
15681
35570
7997
20385
29087
16000
10976
6743
9408
8311
15681
10976
9252
9722
13172
15681
38229
17249
19444
46728
8154
12544
15681
16618
18817
10976
20385
9565
43655
13799
12231
8938
10036
9722
9095
10036
12231
13799
20385
18817
48610
19757
36235
10663
9879
25402
16621
17038
12121
25089
12231
15681
15681
9252
12544
34419
6837
25299
12334
8097
6899
15524
22580
25744
11133
43216
12544
13799
34811
22580
6586
34572
12544
37633
14426
22947
21326
11133
32245
24148
11604
7527
42692
24004
21953
9722
8151
18817
14113
17923
7000
13956
40556
18973
8467
23521
13962
10036
11604
7056
8154
19444
20385
8006
37984
7840
8154
14500
16935
17249
9938
18817
36068
11290
8154
15000
15994
10976
12231
13485
11604
10506
15677
20385
39161
30038
17876
16621
16935
14740
12300
23834
16480
16308
15257
7840
11917
15053
7840
9000
36065
28225
25889
13328
20237
12074
36065
12231
15681
18817
9722
20855
37580
16935
44875
12074
11604
38217
10036
21950
30420
9408
35617
41387
9408
31361
34500
28539
11290
11099
22894
10036
10349
17249
6272
17249
24148
24148
11604
17249
15681
42024
10036
16308
15681
8781
16935
11604
8311
17562
17876
10663
9722
45044
41221
24462
23408
16621
7840
15681
6899
18240
10506
20469
8000
29166
13799
10506
24123
22063
13485
9252
28225
20165
48575
7840
33243
27755
20071
10036
43905
9408
16621
42337
12231
15681
10349
22894
14113
25089
42337
22580
19757
11650
34497
10976
11447
10036
6586
18189
11604
16500
19914
31675
6743
38260
16308
23436
11604
7527
13172
29711
6899
10663
46518
15681
12388
44043
17249
17000
12544
6272
25089
13184
20071
40769
15681
10663
22580
14113
44558
10036
19757
27889
30420
7809
23521
12544
22649
7840
35800
32929
10349
15677
21326
14113
19444
15367
42538
39085
13172
48403
38894
45542
43128
10500
27422
13476
11917
23521
10976
21953
18660
12544
42218
11447
10036
24283
15681
29793
30420
41161
17249
13172
7840
6899
13172
9252
47042
24775
10349
31675
47042
15681
10192
24148
38737
14269
16308
30326
9408
16778
48610
14113
17249
12231
7840
26030
12858
6586
24462
6272
10032
11290
22357
45473
39829
23207
8624
29793
12544
18503
17249
11290
13485
8781
10663
13328
21316
9408
22266
13172
41886
6272
6272
47042
16308
8154
6272
6743
8386
12858
31361
30734
10192
24085
42337
14426
25089
20385
18189
12544
17249
38251
16894
22693
37633
12858
12858
23521
22580
17876
8154
16480
18817
32910
22894
6743
16308
6272
10976
39750
12544
24709
10976
29793
22894
38574
15053
18189
31988
21181
16621
21326
37984
25089
22266
18189
24462
24239
31047
7056
37006
10349
25591
12388
23521
47989
16618
7683
12861
23521
11447
9879
14269
12388
13799
7840
9879
27435
19130
18817
12544
19707
13328
40769
19757
15053
27889
16879
20266
13799
25889
12388
14113
12306
37633
15053
35808
7840
15681
44890
19121
10349
11760
27654
42052
34497
11760
18814
9879
18503
37633
20347
7840
29777
36808
10976
18817
10663
44790
11290
10663
12858
27598
10349
21639
7840
22549
7840
26030
7840
18817
25716
12544
42218
8467
19757
27284
22567
20900
10976
26657
43905
15681
31772
29075
23994
27654
15367
20698
11604
35328
7527
21953
17249
32929
7527
28852
27598
44533
11604
18817
19130
21639
12544
24775
10976
13799
12388
18817
21796
18669
21326
38063
15367
12231
38260
11604
11290
11604
7840
19184
6899
12231
9565
15053
32302
35438
34673
30420
20005
7997
10506
39085
15367
19444
14113
13799
7527
10349
12544
9408
27284
14740
10923
11200
30596
25889
40224
15524
13777
31349
21953
16621
9722
9408
38574
28225
39226
15367
34560
22894
12388
18503
14269
17942
14113
30734
13799
15053
11368
39559
19707
8624
10349
7997
6272
10249
12231
15053
14113
20385
26500
8467
12544
13172
14269
20385
46728
16621
29793
7997
36426
29793
22357
9722
20385
23521
13799
8781
15681
20385
10036
11704
31361
23207
45044
13485
29793
12544
6899
22063
10976
20542
10000
42337
23991
12544
13184
11917
6272
9408
14834
38731
8000
16308
14583
13799
15681
21009
25089
46891
14113
26262
15681
24092
11917
14583
18654
41538
6429
34184
20385
24775
12231
27479
19121
23521
16308
33575
12544
33378
8000
9252
21012
14583
12600
20385
43868
6583
15681
17562
13172
19707
8467
13799
14113
6586
21652
7213
16308
18817
6586
15681
27463
18189
31361
6586
8154
6899
44213
13485
35043
7213
14113
22649
44247
8467
25000
15681
21326
8938
11133
27946
16308
15681
21103
22947
11412
13485
21062
7840
8467
17249
32302
12231
47377
36065
17876
18817
27911
29166
33243
14740
46728
42786
17249
14583
15681
31361
12544
14454
10976
8154
15053
17126
19456
26030
16151
21326
35124
7527
9408
13485
11917
7527
6899
10406
7997
21953
13485
21326
8154
19757
25402
34607
17500
24571
8154
22800
7370
8467
24775
25089
10976
9252
13172
17249
12720
21012
40983
6899
29636
44166
14113
32578
15681
17876
15624
7840
13799
18503
10349
10349
7840
47120
6429
9565
8781
10349
13172
7840
29793
26657
35438
17562
15173
35403
13485
8151
26657
26657
8624
24148
25763
19613
21012
6899
29166
26149
9408
34572
6899
8467
6899
15681
35610
39578
32929
7213
8781
20266
6899
19601
22894
17249
15994
10820
12880
21181
35344
12388
23500
22580
21012
8781
28592
12544
20385
17249
38445
39389
19296
16308
13485
18189
20300
26657
6743
11604
18817
7213
8154
24709
22580
14426
15524
16308
23521
23521
15524
13172
9879
17405
9408
39201
9000
23414
7840
14740
47537
23505
16935
10976
34074
19444
14113
23521
17249
19444
12231
17876
8500
10349
6586
19121
16308
9095
18503
39829
29777
7213
15367
13328
6272
20385
8467
10036
26030
29580
8467
12544
38260
14113
27162
10100
12231
8781
31361
10976
20385
16308
10976
18817
13172
22580
21012
40769
23521
19444
38229
6899
7213
10349
26030
19757
7213
16935
17327
22894
18817
29793
36065
19416
6899
16041
22894
16621
13172
6272
8154
14113
13172
14113
7840
32412
42337
12858
14113
21012
16621
23207
13485
11604
15681
8154
26030
19130
16621
20005
21639
30784
7527
25365
24775
11917
32302
23521
23239
7213
9408
31361
22260
23521
8467
8154
15577
6981
18826
17249
8320
12758
9095
7840
46919
17405
21953
9252
20385
15681
23110
9408
39226
11133
14426
37984
8624
9095
14426
10349
7213
27284
13172
10036
44134
39515
17249
8781
8154
6586
8467
17876
29166
10976
39750
6272
15681
26180
47042
21012
22400
25205
27654
8781
7527
24029
14113
16778
7840
15367
17249
9408
9405
30734
20071
10976
26343
28225
18660
27911
38311
9095
36899
9722
28539
43592
38725
11760
13065
10506
18519
17876
17876
14700
18189
13956
36065
9722
17876
13485
30006
8938
21639
10349
22580
29793
21639
9095
35962
28755
26030
12231
28780
20005
18817
17249
16500
14301
15681
8154
11604
10976
10036
10017
29087
37498
41654
21012
9722
14821
47076
14897
25089
19679
11604
7840
16621
11760
12529
14113
18503
17449
6743
9252
23521
18503
26657
6429
13877
26475
18817
23129
13172
30671
7213
45473
32910
14113
11917
7997
23207
6586
9252
29793
25716
7840
10036
35043
13172
32615
18817
29793
6272
28482
10976
17249
45204
7683
10506
12388
22502
29793
15681
21012
30583
31047
11290
17023
7806
16935
21012
45473
12544
10976
11917
16621
7527
9408
39201
20883
18189
26657
9252
47042
12544
17405
13799
13172
15053
48610
18817
12287
9722
20698
37564
26657
13485
11917
9408
22567
10036
23207
15681
8467
9722
16151
18189
32910
31449
10036
9418
7683
11604
8355
22063
7056
10036
10663
8154
31361
18531
25889
7053
27259
16308
15718
14113
11290
21012
16778
10349
11917
10349
45473
13702
14834
11133
17249
8590
22894
16935
20071
46919
14740
17035
35438
29950
7213
7527
10349
17876
13900
24462
7840
15822
7840
14583
23521
13808
7527
17562
16621
25716
38737
32302
18826
18826
20071
15994
43905
8500
29156
13900
12858
47531
41055
44711
9408
17876
35617
10492
20385
22649
21326
25299
16621
10036
10117
18817
7527
10036
15681
15500
10976
10663
26657
8900
27598
42337
16766
15681
16308
21953
7000
18189
7683
14113
14834
8781
16099
10663
40769
21169
40769
23828
30734
8624
13328
10976
9252
12388
14583
17249
6586
17249
17000
15257
14269
40026
16935
30712
7840
22000
16935
20814
18189
14113
9722
21326
9095
17346
22894
25591
18503
23339
16900
46728
15681
19444
28830
10349
14426
24148
19444
20071
18826
7840
14740
21012
35124
10663
9879
15681
11604
15681
14113
17000
11604
6272
15825
10349
20385
10349
20005
15681
35902
8624
23521
25716
19823
16599
10976
19444
14113
9095
13172
13485
37291
10663
20385
39829
10349
12544
45342
11290
15500
23521
10349
10976
19416
20344
18189
14113
40390
6899
29793
17249
16358
15470
21181
19707
9408
7213
15681
15612
34240
17249
11000
9408
29793
13799
43714
43880
7500
7213
10349
32311
7213
19757
7370
15681
21953
21326
15053
13485
28617
8781
10976
37633
18826
15053
15053
12544
25365
48610
10663
30931
19726
45210
15681
17876
23521
14454
32929
9252
38609
25716
9879
14113
17249
18817
15367
15681
17249
22266
19601
19416
9408
42337
15053
25889
22580
15994
11917
20385
40769
14831
9095
13172
19130
9408
9408
34889
15681
6600
13172
26030
23521
14113
8097
11604
22894
7527
18189
23521
35902
17249
8154
11760
18817
9408
8515
9252
21181
19444
30800
16935
6586
29166
46728
19130
38574
39226
14831
8467
33243
36065
42651
10663
16621
24500
10663
11604
12388
13172
16308
11917
22580
6899
19500
19757
21012
8154
8154
6429
12544
21169
10349
18817
25089
16452
31047
23207
15053
24302
10976
11917
35234
20698
15053
12950
10976
13000
7213
10976
11604
7840
10036
18240
8781
17249
33076
11917
26108
6429
9252
16935
36137
18817
32979
8500
8467
15681
26657
38260
15496
16308
19579
15994
14113
20698
12544
18817
15367
11917
19757
8500
16618
9252
18817
18817
14113
28852
37564
9722
36401
8781
22649
14740
18189
9252
15612
20385
15367
8781
19416
13485
6272
8154
19444
25716
40390
10976
26999
20385
21285
14113
6743
43868
15624
6586
20385
34811
7213
12849
7700
17562
19416
25089
10036
18189
22298
23521
7840
7222
15241
15994
10976
29006
18983
19121
32929
21395
36899
25716
25089
26971
17249
8311
12544
9408
15681
8467
40183
14740
14897
43592
8781
11290
17876
14700
39226
23800
21796
12701
13500
43592
9095
11133
16292
12544
7213
9408
6900
29489
12544
9722
7683
23521
17876
21326
10036
20385
14454
37476
21953
18240
14113
18660
17876
8154
25889
19130
21639
11290
27435
7840
15994
10697
31988
39201
8154
16935
12388
17562
13172
25591
8963
20071
11604
12231
9408
11133
27065
7840
15681
15060
8781
25512
16308
17562
10349
20385
10976
15053
11133
16621
27174
16308
10092
9252
9095
29075
8881
18817
6899
7527
8467
25889
15423
23207
31988
21012
24283
13956
10036
15681
41886
11290
21395
23521
15053
22580
42171
18817
14294
9408
42544
37232
32302
12231
30420
6899
36692
25591
17484
13500
12544
6586
18817
7997
39201
13495
19757
6586
6899
41083
20385
15994
14113
15681
15681
21326
15681
12231
39201
19444
18817
18817
48610
24709
17942
24433
9565
27065
21953
19757
10976
15053
16621
16935
36692
8643
42024
22273
7840
21326
39201
10663
9408
17562
11917
16308
17249
12231
9500
20385
13799
16308
7840
27679
7370
19757
7260
14113
25089
18189
15681
12858
10000
30906
17249
42337
25716
17876
18189
15530
15323
7000
14834
14069
8781
39829
7527
34497
9722
46728
14294
24920
31988
9408
21639
15053
21953
26017
30734
18503
42102
16308
17634
31047
10381
13485
23521
23521
6272
17249
25089
38000
10036
45734
11917
19089
40634
6743
41578
7213
44711
23521
6586
37580
9722
23521
37476
9756
28539
11770
15323
13799
14583
8800
20071
14583
12544
14113
9095
18189
12231
15681
19444
45473
23521
17562
9879
12858
23521
31988
15685
37633
23521
14113
12231
6272
9408
8938
19757
20385
36065
17249
11290
21739
19444
11604
20385
15681
17939
13485
7527
38260
7840
8781
25387
7840
20385
19416
25089
28589
47042
6586
26657
8781
13454
7840
21103
11447
18240
32302
7527
10976
8781
17245
16935
20385
36636
28225
10976
24148
15053
10450
15681
7500
24462
20297
7840
18503
29793
8000
12231
12617
6586
45160
8467
21482
18245
16308
13987
13877
31245
19757
6272
27654
16308
17876
30107
25089
13015
30906
31424
25089
8781
13485
29793
11604
16599
15681
25716
40889
10976
26971
8467
21000
11917
8624
12720
16935
8154
30420
15681
45633
14426
25089
14113
27924
20385
12544
6743
21012
8778
45633
23207
19444
18245
10976
17876
9408
31675
18817
18817
8311
16621
6586
17634
13877
39201
19757
7500
10349
40634
8781
9095
22580
32311
15367
14897
8311
22894
35438
16465
30800
18817
22357
23521
33798
7840
8386
14113
29793
40769
22473
20385
18346
18189
12544
15000
11604
17562
9565
16107
7527
35344
15053
10192
8467
18189
10506
11290
32302
18503
6272
6272
22825
26030
9095
11177
9408
9722
17562
24239
8467
10976
16308
37580
20071
23991
31988
15693
16778
14831
31361
17249
7213
18826
12858
15053
25716
39201
14113
33908
15681
14454
17305
18826
45542
20385
15681
12541
6743
15681
42651
15063
37633
21953
9565
14000
19130
11290
13877
9408
26017
12544
8000
27284
6586
15524
24462
13485
16935
24462
17249
10036
22894
17562
6895
6611
43868
16308
18189
18817
11290
26030
29793
18503
26657
14113
47217
7840
29793
18817
15530
13000
13172
16900
19444
7527
19444
11967
39201
13172
14113
15950
14113
16621
14113
37633
11604
7840
14740
6586
8467
37837
10663
20814
46414
18033
15850
11290
14113
21953
9722
8311
37633
24462
14884
21953
32929
10663
24273
13799
7527
39829
9722
11290
15681
18503
17000
11604
15681
26657
15035
9408
10506
13485
10381
10036
12777
10036
18647
9408
12544
21953
22900
8781
33243
35752
14426
30734
20005
24932
25926
45734
10976
12231
25889
29793
14113
26657
11917
13150
9408
16719
7370
23521
20266
36219
16621
19130
18817
27356
15681
10036
39829
31988
13485
9377
8781
8386
18189
20385
42987
16935
17876
8947
7840
18817
18660
39201
15367
