Price
24239
784
47042
314
18189
10036
12000
17249
11099
3763
33243
13799
7000
32302
43143
7056
17249
5959
15400
7053
470
9252
12500
706
706
470
25
15649
7213
22621
13799
9408
6899
46236
7840
44228
17092
5018
4391
43868
8000
40092
41547
8500
13172
19444
9512
30
2274
941
4391
24462
100
392
15289
24148
10036
15530
18817
17249
9400
10036
110
5959
1000
7840
17700
17249
1333
10663
13799
6899
7840
32929
6115
706
9408
25889
3293
26030
11290
941
9722
4861
7840
6272
941
12544
10036
549
1568
17421
15367
15053
28532
19384
9408
157
10349
11604
27911
12231
9722
1019
5645
7840
16308
6272
14269
6586
13172
16621
11917
16621
26096
15681
6899
16400
3293
4861
3293
18211
18503
6429
33378
17876
9000
4861
8311
7056
8467
22894
157
21953
16107
11917
32035
14740
8624
12544
12544
29793
6115
300
5175
20297
5645
1882
10349
4547
157
25
392
7213
30734
5959
16308
4077
5331
6899
16308
23521
18033
2509
15681
21012
10349
2666
627
32615
2901
17249
21796
12617
32929
314
12544
31220
8311
10976
11917
3763
6586
16308
19130
31449
13172
39829
706
17158
27921
8467
43868
17562
26657
10663
2822
9500
10349
549
29793
6429
706
29793
13796
13485
21012
13485
188
19817
7213
7997
39201
25716
470
1568
13485
11920
21326
5000
18817
11604
14740
50
6272
28225
16935
6899
12585
15681
4300
24775
21500
6429
2509
45000
392
22894
12544
5959
22580
30
12544
6586
48403
1019
15681
7527
4704
30828
21326
27193
20228
1254
30517
30
6743
11604
4077
27911
40
314
14426
784
14113
470
19444
4704
3293
19444
21326
470
2666
36065
17562
2700
14113
30
251
30241
11102
31361
157
43134
15053
16621
8985
1333
16091
47217
392
1098
18817
17249
549
282
10036
8624
13956
34387
13172
470
1333
8154
14113
31047
392
47217
24462
3763
7683
7527
41193
30517
18240
24327
157
9252
9408
5018
7997
24283
19914
10663
9565
627
6272
7840
549
19444
21297
43655
3058
8467
9722
32578
32929
1490
6899
46251
25299
24148
862
17405
8781
314
11133
392
10036
9408
34607
17876
40769
7840
5645
6586
9408
13799
314
6893
2300
39615
40092
21639
14113
18500
28539
24709
706
41811
60
18503
22580
33870
7370
14426
862
34497
38229
5700
11604
188
17562
8781
17249
4077
9408
23536
2117
14740
12388
8154
157
36197
3450
70
13589
5645
188
282
706
20005
392
4980
3763
470
19757
3136
23521
627
941
16960
549
45
5018
11604
3763
32744
19444
18503
7840
16151
15053
18503
12980
5645
706
26149
11290
16935
392
3293
10349
8467
31361
4700
19444
31047
39559
39201
17000
157
13172
23659
4077
6899
1568
14113
9408
16621
3293
23138
18817
17249
12231
5600
26657
19416
30906
4861
14113
10945
470
20385
13172
1803
21639
10976
5645
12231
20385
23521
14740
13485
22693
2500
31361
6586
1411
23207
392
8781
862
314
7213
20100
23521
48202
42337
8624
46866
20071
11290
1700
13485
862
50
188
15681
13172
16308
29793
8781
14113
549
15681
4234
14113
22894
28589
18503
32929
20385
13172
470
941
627
12074
1882
18189
16621
14740
14740
12585
6586
19130
470
8006
25763
43880
30251
8467
10349
5959
9565
44533
29793
18817
43592
5018
392
23521
3607
9879
41629
48566
9879
11917
12544
24709
21950
44545
33908
35902
16308
3136
36692
9722
26971
15367
13172
6272
29122
40556
30326
19444
3293
21953
706
10663
37000
627
30734
9408
41055
45376
27598
14279
40688
314
14454
941
282
28382
2587
11704
8154
47205
15060
36231
2666
10349
706
30734
19598
706
7527
9000
1568
706
6899
29479
314
5175
21169
25
25089
1019
9722
14583
17249
37229
13485
25500
4077
16308
314
18422
38445
10349
470
5959
13172
100
16935
17249
23521
3293
314
18776
43905
9252
10976
5018
18189
36692
1300
15681
11917
20698
470
1333
13799
2038
29793
26644
7213
11290
1882
9095
157
5331
45872
17876
8154
10000
251
10976
16621
15053
2300
4861
12544
11917
8311
41720
18531
11760
16308
37633
627
21953
3300
15681
42337
13172
10349
11290
15210
2352
19444
6300
12544
15367
12544
28078
15850
14426
3293
7213
23436
862
8781
11000
2822
13328
10349
15681
16621
16308
16621
21326
31361
12231
20385
10406
10976
470
10976
1646
42987
12858
36068
21012
15053
18826
220
1568
17249
549
12074
26804
2038
18450
21639
12388
16160
30
29793
12544
17158
17876
157
188
8781
21326
50
20385
30351
18817
941
2195
26657
470
17249
5488
15681
7840
19130
220
14113
16753
10036
20385
549
23602
11848
5018
10192
3450
7213
80
3920
392
46518
27284
36065
120
29793
39201
23521
2100
9095
19444
7213
46728
19736
18660
7997
43655
4861
941
5645
29793
314
15367
19008
15367
17876
25810
31
7213
470
19883
470
28532
10663
24775
6115
33908
13485
19130
706
25089
18654
2822
188
14740
17249
4234
22580
26657
8781
470
3450
14113
23389
7000
11133
9408
17876
200
21442
706
30750
12544
9408
20542
392
18240
23521
627
21639
157
1300
12544
14229
15367
941
12544
706
37580
314
14834
8467
706
39201
314
21639
21012
30
50
15950
23207
470
18817
9722
1019
15681
18817
11604
30455
13877
862
30
34905
7213
18817
11917
39201
23521
20814
9252
23104
27284
1333
19444
11917
12607
45204
11917
5645
17876
10976
15681
15000
16480
28532
39201
11604
5900
470
12858
220
38975
4391
18817
15681
27504
1490
20005
25089
8781
28225
23304
10349
188
12544
11604
862
14113
15681
27284
18817
11851
43548
25089
1333
15681
7213
4077
14583
4704
470
15681
12544
23521
7100
3300
627
862
6272
13172
8154
17249
11604
20385
25089
314
941
220
14586
9261
5331
11917
3800
41387
32302
26510
3500
862
8467
18346
2100
18189
31988
21953
18817
11917
21012
10036
188
8781
7213
23521
31581
627
8154
12544
23408
16894
10976
706
5500
941
6272
14800
15681
11917
3450
43905
23414
94
39226
40471
21639
26343
18503
19444
11133
7213
15367
10349
3607
7119
23521
13589
13485
45542
27911
13172
19444
24571
3136
11604
3763
21953
9252
8000
14740
2500
18817
30420
392
19943
7840
18346
12858
25716
15329
1568
13172
43062
392
40092
18000
784
16308
10976
18189
21326
37633
1882
15035
4077
15053
9879
150
7840
7683
6899
10381
1568
2901
38869
10663
8781
28225
17876
30906
23521
6743
21326
10976
36065
470
47042
470
31819
17000
314
13015
38016
4861
8781
941
5645
11469
11917
627
19441
4391
862
941
34497
9722
1490
8467
7527
13799
23521
4861
15367
30
20071
348
9408
32744
314
11917
10506
10976
7840
17158
4704
27700
15681
10976
470
15681
21639
3136
19444
22580
6500
17509
10976
5331
21326
6899
3136
45473
4547
11604
18346
18500
16160
14426
19914
18189
4704
5488
10349
941
17249
22197
4704
5331
10349
19121
17876
7213
9408
784
32302
13172
39954
11917
6272
4547
7840
11917
4234
10663
6586
14279
5987
25089
23521
27598
12858
10349
4391
220
6272
32578
36065
8467
4077
16308
15423
27174
42764
1960
627
10349
12231
14454
5802
15681
1568
392
470
23521
36899
1254
94
1725
13589
11447
32104
11604
12544
314
12544
1568
35438
11290
21953
16308
9408
15524
23521
42845
32929
549
392
3763
11964
157
9408
27065
18503
1254
157
470
1411
16333
4547
40976
4861
22894
251
12544
9408
34340
17876
5645
2901
8154
157
3293
9722
6899
39201
42337
42102
41578
125
10663
6895
11290
15834
23364
8467
16305
6586
40142
47
29793
8643
10663
28980
20385
9252
627
20385
5018
14583
28225
18503
40443
314
1490
21953
15681
18500
10820
2195
23521
42557
3607
9252
5959
6272
392
39201
6586
1882
18189
10300
18817
19601
19444
17249
12231
5018
19601
11481
8154
36721
23414
784
22580
14583
549
18503
392
31248
19757
5802
11290
42337
33076
14900
6586
30577
25889
220
6899
23521
14113
10506
7213
30326
13172
12231
862
10976
27591
8781
7840
21326
14269
10036
7527
35124
50
470
25299
18519
2666
11604
37291
11917
3763
784
6899
392
36219
14269
17249
10976
24625
21953
3900
13987
10036
13328
3700
282
23734
15053
10192
15994
21953
14740
28830
5175
31
9408
14376
4077
11447
10976
14834
8467
11992
706
7809
2117
10976
22580
15837
17876
9408
314
7056
941
2901
15897
188
20469
45872
39201
13485
392
21473
8311
11290
7517
2500
34497
282
16618
6899
15257
28852
15681
314
3200
6500
14426
7527
11274
392
15035
32929
17158
14454
10349
13799
19757
941
11886
18800
38731
30
19416
18817
94
28539
2352
11290
9252
2587
37984
27284
14426
784
22580
16151
13956
9408
12544
862
27924
3763
5959
4077
25089
31
4391
20385
8467
26657
1019
1019
32274
10663
21953
26657
10192
862
40340
10192
7527
862
4391
20005
24302
13667
706
13998
7370
23129
31361
26491
20846
4391
13328
941
10036
16621
10986
19130
28852
1700
23687
27911
31361
300
14069
25089
10976
17327
470
12500
11917
14113
18817
10036
2300
2587
549
17249
19416
47042
94
6272
14113
5018
5645
1725
7213
16621
1411
32412
6899
6272
18817
4077
6272
15681
28225
7213
14113
19601
3136
38016
22000
150
10515
2000
11604
36231
37633
25089
7997
314
9095
23521
27598
1019
10820
17249
24775
314
14740
29633
18503
38311
20385
5959
25089
11917
1490
11604
29777
18189
7213
9418
9408
18158
12544
3136
8154
862
44517
9722
12544
549
15681
11133
17249
1646
14426
20071
19444
12544
20071
10820
20432
11133
1019
10349
12544
17249
23050
8154
18817
12858
6800
8781
8781
10569
23207
7213
45210
65
18817
22580
6272
17249
7213
3000
10976
26594
18826
50
30906
1725
18817
862
7840
6586
470
15681
9722
7840
16308
40000
7000
47042
27284
5018
15825
25889
1019
16308
10976
21395
11604
3450
5018
10663
220
7840
45436
1019
470
4861
392
10036
47042
4000
11133
26657
35
25716
11604
45473
11290
11290
12544
26017
13015
14113
10976
27284
17876
26770
17923
3450
13799
12585
30000
12143
13476
12544
11133
1568
19757
9722
14113
1960
44533
314
10349
27654
23521
17562
5959
17562
18189
470
18503
14113
6899
8467
44247
31361
39559
29793
24462
4547
470
41547
35570
1803
12231
15718
17249
10349
15367
4077
6586
15367
12858
2300
1019
2509
3000
220
11604
1803
23408
10349
21953
11917
706
20636
17249
42538
11604
188
15681
3607
1725
12701
24775
26030
18660
17249
7840
19757
6899
15681
15681
10036
15681
47669
9408
26306
47042
2430
8938
31500
20698
4704
6899
157
28000
3136
9722
392
6586
15524
9565
2509
34406
18817
23408
11704
12231
11917
11604
18814
25716
21953
13799
30351
15035
26657
11290
2352
1550
16465
15053
20385
1803
18817
8781
20385
1411
25089
17249
9722
18817
33556
549
18189
470
12544
1725
13172
33556
10976
5018
12231
26657
2822
42024
39201
4600
20266
14897
16621
80
549
18616
16308
16621
2352
47217
1490
8781
7840
8781
15718
13485
34811
12544
17942
1254
8781
9095
3763
5883
2430
3450
20592
24775
9252
4861
21395
941
7840
19757
941
29166
314
11133
13485
16621
941
3763
16151
4547
12544
470
33908
470
5018
13877
627
15367
1333
16308
18826
14586
314
12858
549
392
7213
5018
29793
24596
18503
7527
16308
17249
8154
16778
941
11290
37633
16621
14113
549
34497
47042
14884
21012
45473
20385
11290
3763
25889
8781
941
17876
7840
314
31361
13328
9722
26030
22580
13485
20385
22894
14700
9408
14009
16935
11290
157
706
4500
16935
1176
15367
706
13877
19000
7213
16766
14740
15053
5000
31361
5645
8386
392
22000
22266
7527
17562
6272
14113
6899
3607
5331
314
23239
29793
19130
8467
15994
21953
5645
28222
16894
14113
50
17249
1176
13799
12544
2901
6272
15681
1019
12544
314
9095
10036
1803
7213
25089
1333
784
25716
29793
9252
706
19444
19657
10506
157
27911
10986
10036
1882
13172
5018
5802
4500
34497
42667
40769
17249
24775
10976
1490
5331
9722
18208
1176
22266
44611
6586
31797
21953
12676
17562
12544
15677
32615
13172
7213
25089
24148
941
21012
11604
18531
18817
9408
17876
251
3763
12231
30326
14269
25889
188
282
2744
37476
22580
12231
15681
27259
862
125
19757
20071
4234
35808
21169
25810
6743
24775
549
7527
94
41886
8311
25089
7806
19130
1176
44134
25089
28225
5018
16935
14740
11290
862
18817
862
17562
19444
5341
34074
21012
46101
15524
1568
2700
2195
5331
45210
21953
2038
14426
12231
706
20385
10500
26500
47042
22580
20385
13172
43592
2901
8311
13485
12720
50
15053
28225
392
16621
8781
392
19121
12544
7840
20071
3763
5331
1725
10349
282
26594
29793
314
47989
17249
7840
1960
188
23207
14426
13328
188
25089
23521
12858
13589
18531
8154
22947
2979
25399
20385
10036
8467
5645
3450
19933
16621
10349
30734
18669
1725
706
7840
21953
9400
22580
3607
26030
1254
3607
7056
16756
4704
15053
5802
24462
18033
549
40
16894
4704
15994
17562
10349
18817
26030
251
1019
21953
47989
11133
21169
40769
22693
32929
23129
16621
21796
7213
9095
22580
12231
30
3450
17876
5645
18660
706
10202
22000
6247
70
251
8938
31361
14426
10036
7683
10349
37611
21639
17719
23521
22580
157
21950
18814
23521
23521
13485
26971
10349
20005
549
45473
314
2430
9095
19757
12570
5645
10036
200
10976
6586
32104
28000
23207
8467
10349
3700
8947
16756
2500
706
13808
549
941
4547
42717
16621
282
9408
17844
9722
13987
18503
12544
35000
2430
11447
26372
35908
11563
5959
3763
18826
314
13300
15053
3600
19444
28222
26343
10976
5018
21012
40387
12000
3763
188
862
8781
470
11447
5645
3607
40142
12544
15035
470
15994
9418
29965
26657
69
18503
3058
45138
12287
25763
5488
27924
4077
6523
12306
3763
35617
4547
11133
282
19679
941
4200
8467
9408
28225
44533
33230
14113
3607
2979
34811
40142
15053
15053
36197
29777
12522
10349
2587
13485
26858
549
17054
23207
17249
549
12855
16308
13485
9408
80
17249
36065
3763
13172
3136
17249
15681
13068
392
6272
14740
470
706
23207
35438
19444
15524
251
12858
251
15285
12900
7840
8467
549
11133
13485
42171
2666
314
10036
17876
25
22580
314
27598
20385
22894
10976
6272
9408
10976
25089
14583
5018
17876
11760
549
17876
24148
9408
862
3500
14113
1568
392
28523
6272
30238
8467
30734
10976
470
19757
34497
15681
5000
3293
3450
24559
10349
2822
28288
37000
188
7056
18817
50
14113
16894
20297
9879
706
314
1019
3450
14113
9832
22000
11604
3450
18817
16935
34497
3
3058
1098
7840
627
16465
3450
44166
4234
549
12544
157
314
12777
16894
3136
18503
23521
14113
18817
25719
9565
43548
34497
8781
862
11604
16935
13978
12858
19974
60
23239
16935
20385
14069
9832
470
14113
47217
14454
8938
9408
3920
157
14740
7527
19130
7213
1646
25402
18688
941
8154
7213
18826
3763
12544
17249
549
31988
14113
14426
627
34497
392
14700
188
39458
20526
32302
15681
30906
1568
13172
8154
3136
20385
35570
13172
20814
14426
30405
125
37066
8781
47120
23521
7119
15323
21169
13172
549
627
10663
19130
20385
125
14113
4391
392
1019
3136
17249
39829
17562
470
21900
21953
13172
13172
13799
37000
20385
10663
9408
282
13956
31047
24283
1019
21953
1803
46728
392
17249
3450
23207
7213
17249
549
14740
13150
7997
1019
9095
10100
31047
6272
21181
7000
36065
12858
17405
784
8154
470
14454
11917
14113
37580
14740
41720
13482
33243
1019
2430
282
17876
1176
19914
3607
220
7213
2587
12858
706
47
11917
15367
188
18660
7213
10506
12544
19416
6272
47042
15681
282
42337
38251
42965
9095
28225
16308
3293
5645
14583
706
1725
8781
25089
13230
2979
21950
20385
7213
600
5018
4077
549
5959
4077
15991
18801
2979
20237
4704
2587
6586
14740
11563
9095
12000
706
2600
4861
14426
22580
35839
19444
16308
20165
35
10349
314
19000
20385
9408
5488
20385
35736
21357
8467
7806
10000
17876
30734
627
15994
10515
16850
16308
35
1646
34240
10349
6272
26814
7213
22357
22894
15681
40424
50
13485
392
36899
392
35570
18189
5018
14740
14426
28015
34497
94
3293
4700
862
12544
17000
37897
5018
20855
30
4547
26475
3293
44752
30734
125
8781
1254
36711
14426
2352
1646
314
19613
7527
10976
12544
3763
5018
706
20071
4704
13799
13015
30966
10000
14113
1882
13799
9408
392
17663
6899
11604
6
8781
15994
42883
7997
14897
21169
14500
4234
10976
3450
40983
42337
20385
1900
15681
4547
1098
31361
31988
11917
18503
10192
42692
8467
21012
7527
3763
34184
13172
9095
220
13485
6272
1176
4077
28225
314
1490
13172
38229
43278
392
16894
282
16308
43360
8154
8938
5175
13172
350
33823
11604
10976
18817
42987
4704
22433
7840
40070
10192
1646
26030
18817
7840
13495
314
21940
38737
30
20385
34811
6743
862
6272
188
10820
392
2666
16480
8154
42337
1019
11726
18817
282
2195
627
282
11290
100
28830
5802
627
314
30
220
34497
706
157
7527
25889
16935
44247
24775
29254
34811
44558
9948
15681
15367
21953
18189
10349
29793
25089
8467
12858
314
18531
10036
15053
18817
2038
188
8467
19444
11290
16960
50
157
13642
8781
27284
784
22894
13589
627
1019
36997
9095
2800
627
23408
18817
4547
7527
20610
5018
1700
15681
10036
9722
15060
7500
19124
17876
11917
10349
9722
1098
11917
7500
10349
18660
16151
46728
9565
9722
6586
15681
30
13172
39722
8311
10976
15994
43576
6586
5331
20005
7370
7840
11447
26657
17249
35902
14884
7997
12083
19736
26030
11917
862
24386
8467
30420
3000
470
24775
15323
7056
14113
7840
10976
21639
3900
3450
706
706
12880
7527
18033
22502
125
18669
17562
1098
6000
13485
13184
4704
12541
24239
15800
17249
21326
15323
11917
1176
7683
157
14426
2038
16308
549
23207
2195
60
314
220
1019
28059
50
6899
5645
29793
15053
1098
12544
392
6272
12231
3293
1882
13172
18817
5331
20382
15681
14426
188
17249
3763
14897
21326
22649
8467
470
5645
7213
21395
13172
23521
12231
19429
157
47957
48547
39750
18503
30734
13799
5018
27654
36068
706
9722
14113
7056
17249
21326
8500
42808
15681
11447
5018
6586
470
9408
15681
220
35124
21953
3763
23521
20488
3920
43278
7056
14269
14426
1019
12541
34497
18817
627
5802
10976
31675
37564
43548
282
941
27924
45473
392
42000
21012
11917
40769
15994
18817
12544
22266
12231
17876
40000
22894
2195
39750
13476
10976
13799
2666
15681
6272
314
31211
392
12074
17249
16621
43435
42337
25889
18000
8781
2274
549
32302
35438
13956
549
41811
4704
4391
14454
18817
314
27598
16308
28423
392
1725
13642
11604
35610
14113
4391
10976
8781
15053
549
30
14113
17942
5175
16308
157
2587
7840
1882
16465
25512
8781
14426
19121
12544
20
2666
549
48296
11133
314
20071
11368
3000
1411
23000
5018
5331
7213
27654
251
17305
36567
14740
17405
17405
100
39829
10349
9252
18211
13172
25763
706
784
6429
32929
16308
1568
60
3920
862
9888
18660
470
2998
35124
13297
21953
22266
18503
17249
11290
706
37633
23521
7056
30734
41281
9252
392
35043
30
17719
14426
37301
24462
706
16289
22266
33575
19369
10976
11604
27654
5018
6743
12187
16954
862
10663
17876
26795
42400
40769
37006
1098
941
188
10976
862
9722
19823
15718
4861
17249
21012
16621
10349
549
15681
3763
470
6586
627
34108
392
11604
314
5018
14426
627
39201
12231
5018
10976
13589
11000
37633
28532
3293
23138
7997
24148
2666
37984
314
14113
35570
2500
23521
43592
22894
9252
12544
3920
11604
2979
392
19874
29479
37633
6272
12858
392
470
27911
5488
45160
10506
20764
23678
5645
7527
23521
14426
4861
15458
17126
14426
784
941
22947
13626
45210
7495
30
36692
29009
17249
14900
16621
21953
14740
31581
37229
32045
9722
23991
16621
13328
750
470
33575
8311
30000
1176
10820
549
15681
22260
19444
16308
20385
9722
14279
40766
17876
1411
21953
17405
706
7213
392
4500
110
6700
8781
941
37633
24462
15681
8154
15210
29166
6586
28225
282
11133
23935
3058
17249
24462
3000
19707
12074
314
22894
10976
25
10036
20385
17249
1098
16935
188
31349
10349
392
7997
14113
627
941
220
40889
26475
314
16308
13485
706
4547
706
24000
549
5018
862
27093
19601
1882
14269
7840
15530
20228
17355
2000
12074
18814
38260
188
706
13172
18124
470
15681
5175
23521
188
19757
31650
18503
11133
8154
1411
14113
11917
9879
2666
16621
6500
1500
9722
14113
10406
1725
26657
17562
16308
13172
18189
18817
36692
13297
30420
549
37633
21953
1019
12858
9252
17562
43134
13172
23521
18531
9095
21953
6272
47042
23207
24415
27190
16088
21953
16308
26528
22266
12544
28241
1098
13485
9722
21953
1882
24775
17876
18817
8154
27598
12544
11290
32929
14454
27598
24462
12858
43905
11917
13642
9095
2901
18817
24148
784
5645
10976
32302
25089
21326
21012
12281
19089
549
26657
3450
8311
314
16621
15800
7213
4704
13642
27889
29087
13799
9408
27598
40456
157
21169
39161
26657
27654
6115
314
4861
4704
12980
7809
4391
35570
11604
45
9408
18189
9565
10192
10976
26971
13172
21012
188
18189
34108
43592
13485
16894
19278
15681
7997
17876
15612
314
22580
40456
5018
549
23129
20385
13172
26814
35927
2509
10492
25089
220
33798
14000
4391
16935
17876
14009
10349
21326
5488
25264
2300
470
549
8154
33243
8311
7840
15423
18817
36065
34497
23521
3607
1882
38737
42337
31047
10349
44843
7840
13642
80
10976
3293
314
10349
11000
4704
220
282
6586
16935
1882
13956
3293
21012
13771
33870
26971
12544
17249
5331
24920
8938
39829
11604
16621
32340
12544
13877
8781
9408
11604
10349
42987
25889
900
1803
470
1333
10036
392
17923
8781
9408
392
13172
7840
5331
17876
41710
20266
9095
3136
21639
20005
30734
1803
10032
20005
10036
7213
3293
9408
4200
18000
11290
12544
7213
6429
19121
15555
10000
17876
6899
34406
5645
9832
8386
15367
15681
17249
25591
7840
22357
24123
23204
16400
17484
10976
26657
19933
60
549
862
314
10964
15994
150
8467
27284
13328
314
7000
20385
10349
7840
549
6586
15500
20071
11290
42667
12858
7213
37633
5802
10349
10092
10349
24305
10036
470
4861
39829
13485
7840
21639
8781
10976
13485
9722
12544
17249
25089
784
7997
17562
12858
17249
42102
21326
17562
39201
21953
3763
14740
7527
26262
21326
39891
34419
11133
21953
549
470
13485
19444
3000
26594
4234
862
6586
16308
24775
470
21326
35438
1490
16894
29793
6241
15132
26064
1650
220
14426
37633
8938
9800
392
5802
23207
27065
11917
11917
27463
13000
12544
26017
47042
21012
21012
3607
8781
392
706
34811
470
28852
39201
32929
14834
33556
314
6241
21326
8467
30891
14269
20266
1960
6899
188
10036
18817
11290
22894
29166
14426
9063
17249
18817
2038
9408
627
314
8467
41064
24123
9722
16935
3
13172
36110
47757
7840
38060
9408
16004
9408
25089
18189
11604
13328
20385
5645
29950
18826
5488
9000
392
5959
15718
5018
784
13485
6500
4701
3763
2666
7840
11917
43545
5018
14740
31047
47989
862
17158
21730
9095
40456
42171
5959
9095
27911
13172
7213
11917
188
6899
157
13485
3293
8154
5883
2195
32929
6899
20385
2509
2822
17249
2195
20814
24932
7527
13630
6272
41281
15000
17813
31361
9095
12544
25597
392
7840
12544
6272
549
1000
1725
14113
23521
40
10976
9408
38888
2500
40026
24462
37984
9722
2822
12388
10349
12585
40
44752
1000
31361
20385
3763
18817
17634
862
10036
9408
17876
17876
1254
1098
22894
11133
15053
8467
6269
15367
26343
26657
16465
24183
24148
11290
27654
19726
7260
17942
2666
18654
282
8781
1700
1019
10349
5488
18669
5645
32744
17844
314
392
29793
10820
282
17876
41629
18817
9408
15681
45436
10976
12701
13589
15994
12544
314
125
19613
10500
18817
18817
8781
470
5331
9408
6272
21940
21953
46101
3800
19757
15053
17405
1411
549
220
4704
5018
13799
188
25716
12231
25089
627
14426
6586
392
36065
314
20385
21558
17562
23994
47042
135
10000
1568
11227
3136
17710
1019
20385
17562
470
6209
9800
4861
20526
7840
13172
9252
12544
4861
18817
10349
11917
3293
38063
20814
22580
17562
19601
14740
15125
24775
9408
24462
10663
15608
12544
15053
25669
16900
48610
17562
34497
549
706
627
19707
4704
5959
25716
6899
10672
13172
35005
3293
43905
38838
23521
42692
2587
4077
18817
13015
36065
20385
500
36068
1098
19444
34497
12231
45210
13799
7213
13328
16935
11133
11917
3763
5968
40
36065
12074
627
11290
941
1098
627
18826
17562
13328
2822
17249
10663
5896
11917
14269
16621
3136
34673
14583
22580
6899
19757
6241
2195
22266
17876
40926
3763
14113
470
5175
18817
15524
784
9252
11149
17249
10036
627
10349
9095
6586
5959
25089
7527
33556
6586
2274
6586
32302
19444
40142
16151
3607
9879
13799
314
11290
18817
26030
17562
10349
392
627
32973
4391
24415
36567
5331
17249
48108
15624
7840
16935
32772
38562
8154
21639
5488
40092
21395
392
18189
25299
19914
26343
5959
3763
18189
31047
8000
15053
549
15681
38251
29166
12074
941
10900
14740
110
220
14113
12544
2587
8154
8781
25089
20071
27598
15367
15423
18503
392
1333
4704
4077
26591
7213
24283
1700
7527
25299
188
13589
7213
47076
10036
2274
6586
2901
627
16308
19444
30
8154
47042
4234
3450
26017
15681
16000
19707
3000
27911
220
14166
9832
30734
9408
17876
20698
13799
11604
94
5015
11917
130
25873
9879
314
14113
2195
27284
3763
18647
18531
10663
13172
14166
12544
11917
22843
28015
5488
28830
20385
36567
11447
44247
10976
1646
2822
16621
25032
2500
7665
20385
8467
6586
27284
25559
14740
28755
9000
16308
1646
13877
3763
14740
16935
5959
17562
12544
40
7213
8000
9408
14768
21639
784
8781
18817
27946
21012
16308
27065
14740
15681
18817
23722
18817
25264
2430
39797
23521
10976
8154
10349
3763
11290
627
17245
14583
3607
23521
41886
44134
11133
14113
23521
3763
39615
23110
9095
470
18817
12544
9408
2901
11917
24462
314
14454
15994
25889
16621
32615
15681
12074
7840
5018
19121
470
14113
12231
7527
941
27598
12858
7840
11604
11604
7527
15524
21953
15681
11604
31797
5865
18189
11290
1882
20385
10660
23000
10976
14426
11177
7000
47
28532
549
9095
24327
10976
5645
7840
6
17500
20698
8154
29166
5959
24775
5645
15681
20005
9408
3450
27689
30
43281
470
392
3136
39201
392
24600
14454
1568
36065
1098
26657
23834
15994
14113
10036
9408
12231
26030
10663
11604
3300
12541
1725
7683
10036
6429
24148
10036
42717
470
6899
39829
16399
9252
7840
4704
23994
7527
39201
8781
29793
47042
9722
9164
30583
16621
18000
16308
22715
47042
29075
6272
4861
12544
941
7997
10976
11917
23521
200
20385
6586
1803
10349
10506
1490
19707
45
10349
17249
10349
9408
10697
314
15367
8154
31047
1176
7840
314
1254
11917
120
11917
314
25000
13799
2195
18660
1490
35344
23270
39797
627
8781
14426
23602
7056
26971
3763
1019
10349
7683
17042
3920
12231
12777
12000
19287
17111
941
18817
2352
10349
2038
6272
23521
392
15994
7840
14113
18519
40456
4704
20385
3450
17562
6586
18503
2600
42337
8781
23991
6272
4861
8467
13297
549
23834
19130
13463
29445
15681
15367
22580
2600
10976
9722
20385
549
10663
12544
10976
627
25089
9095
16383
10976
10976
19610
470
1568
6429
392
10349
7840
47512
23521
25456
43868
25089
16320
549
8900
5500
16568
12858
15367
251
17876
3607
5551
2979
15521
11604
42337
31361
20385
3763
8500
18817
37476
13485
13485
7840
16308
549
40769
8311
40390
2437
31913
30734
3450
314
15367
862
15994
1803
15681
15681
5959
10381
12544
15988
13877
784
11917
13956
16411
13015
4861
47042
26657
11917
13485
10349
1568
188
784
21953
3293
34905
11895
7997
22266
1803
706
627
21639
3450
14500
9722
25816
22894
15681
16778
470
11917
19130
22894
9722
15681
14426
12544
10976
784
17249
627
25089
4077
2352
15000
37006
7997
627
4704
1411
32929
27065
784
282
23138
20372
7840
23521
8938
70
11992
6899
28225
27654
11604
11133
6272
44843
25387
9722
4861
11133
314
19444
392
251
1960
20385
470
3607
43952
40769
20237
39201
15681
1882
8938
4391
31581
30
2509
27755
6429
24148
9722
11604
5959
21012
8467
1882
15125
14069
15681
17249
16621
24618
39161
38229
10976
30107
7119
2666
100
5645
9879
25591
15524
5488
5500
28225
22269
10349
9408
46809
784
282
7840
15994
43868
16546
9722
21953
10349
13485
21639
314
862
13799
45473
21012
188
16099
20071
627
6429
13172
11604
10349
3293
392
19287
10036
23521
23207
21953
16160
8154
25089
21012
14113
27463
7840
18817
45
470
22947
9565
6272
1411
862
9565
1098
30
1411
15681
18500
14113
39559
2038
26343
10976
30
627
24148
22843
470
22580
157
9722
5488
21395
13589
34497
862
23521
157
4500
314
1333
1725
4391
10663
12544
5331
14113
31414
32929
43049
40142
13485
5488
21652
12607
11917
16935
9408
470
392
8154
18503
8781
13172
1882
20695
9408
5018
282
18826
15677
13172
314
18817
4500
12544
314
48403
2901
25089
2430
18245
10036
39829
6586
15053
7683
9095
16621
23521
157
7840
21012
19800
34127
2666
8467
392
627
7213
4704
13485
43905
470
7200
47217
21012
11290
4391
31581
7840
18817
21482
15367
31047
27889
706
6586
24000
6272
30577
1411
32929
31047
13172
36065
50
11917
5488
11726
20005
10976
12544
314
1411
13485
470
1882
12544
19444
15053
470
125
36065
31361
6899
25
10349
706
10663
12980
706
16621
3607
40092
15367
18817
35899
15681
30734
1176
40456
251
9408
6899
14113
19707
23521
23521
8467
10663
21953
18240
470
13589
10663
31358
3607
17562
19130
32302
45473
4077
10349
20385
157
18817
13172
28852
24462
39750
45473
8467
10036
4234
45473
11917
8781
6272
20385
11290
11604
27591
16383
4077
549
39201
12540
14113
10036
11704
17249
36065
7840
16590
34572
29793
18189
20244
26949
8515
15367
314
24462
15053
10976
6272
19757
4704
20385
1803
9095
784
14740
14113
16621
392
28852
12701
40
22197
11290
549
8467
188
4547
14740
7213
9500
34607
627
6500
11102
9095
1254
24462
10036
23592
5018
2038
14115
35309
10349
13485
8781
1411
19121
11917
50
5488
627
28225
4861
10192
5018
13172
3450
627
5488
9565
9408
157
10036
33000
1411
20071
251
13485
15681
18240
20385
3607
12544
3136
11917
10976
4000
5018
17249
13172
22266
37000
20005
627
12074
13799
549
706
15681
12231
314
12388
31361
3920
10976
42171
10192
23521
11917
11447
13488
6899
7527
47408
7840
6900
13485
21181
9095
6144
549
32302
20071
26971
38574
43868
40
3136
627
21953
130
25089
5500
17249
3293
282
20385
1019
4077
3450
5175
21953
30
2195
29711
17876
9095
23207
706
14113
2500
15053
784
5018
39891
1254
22266
2822
11917
314
25402
36065
7840
19444
7840
9252
19444
20385
32045
7997
7840
21500
15681
8467
1803
4704
706
6899
392
11604
8467
10976
20698
1803
15063
18422
39201
9565
20385
12544
862
41710
941
14426
12231
30282
2509
6272
7840
7200
15681
14269
26971
16308
18189
31
14113
1646
19924
28300
314
14113
36235
9000
5331
9722
1800
251
1176
4077
9095
21012
18503
15053
23521
15053
5018
32954
37633
7213
3500
19030
40954
7840
19416
1200
5500
1803
12858
13808
9095
15988
1568
15681
9565
12980
45473
8450
16894
31361
22947
34494
25396
27356
15994
19757
11917
5018
251
16621
11604
40
10976
220
9408
48575
10976
39458
1646
13799
43278
7175
63
23436
941
549
392
9095
1803
38500
25889
11604
220
6115
251
549
125
21395
34497
14583
13799
13962
16778
17876
22580
862
7840
3136
11133
8781
18817
7527
37000
1019
24029
314
4077
9252
4861
17719
20698
6899
4234
26657
26033
37633
32929
2666
42218
24512
20385
15000
10036
706
7370
34497
7997
1098
9252
20162
11917
7840
14113
15053
220
2352
2117
12544
1882
392
9408
4547
10192
12544
706
48261
5802
43952
11541
1882
60
2587
549
13172
18189
15900
7527
9261
22580
21012
38229
16289
47038
15994
21012
18189
44247
19914
23659
27654
18384
26657
8938
4391
28830
19444
18817
36065
9722
1098
2038
24433
47076
11290
9722
22298
2901
10400
1411
41654
4704
20297
38445
549
7900
1803
7213
11917
5237
6523
32929
862
17117
9408
20382
31361
10515
37066
18240
3136
9722
392
40769
1725
34497
40092
6272
22567
25089
16308
24123
7778
31361
251
4500
24775
18531
14113
15847
18817
20071
2038
4547
12858
627
8938
13953
14113
21012
627
15994
14000
40556
17249
10976
13877
15850
20385
15957
15681
19444
11604
20385
6272
11604
25089
9408
11133
11604
2195
1411
549
20526
8154
22580
29793
3136
6115
18033
10515
8467
28921
12849
26030
5488
11290
1960
706
39559
18817
9095
44542
29636
11290
1490
2038
14426
39201
11290
31361
470
23436
12544
21953
549
7840
10976
13771
282
14113
10663
7840
314
6899
14113
34184
11604
42965
26030
18503
10117
392
5488
17249
25889
20266
3136
10663
3400
706
20005
15053
12074
862
188
7213
16766
8467
1490
21953
37301
11917
21953
392
3058
15681
21012
16308
11290
11447
28909
13172
4704
11604
47120
5959
15323
35
7840
10349
8154
2352
627
392
26971
15367
12074
8154
4077
21410
11422
470
30
24283
8311
4701
3800
14113
784
627
42337
21012
18500
2300
2195
40092
9346
26657
17249
10000
18817
5645
5488
45473
21012
17562
16308
47042
5018
2600
6200
1882
18726
19757
15053
6899
12777
6272
35344
32929
549
27375
37633
862
11290
19287
470
33870
14740
17876
18503
3450
41397
22260
3136
32929
392
220
11133
31361
8000
29793
29489
14113
7527
42337
17227
2822
6269
1490
18817
1646
12544
470
17249
15681
46207
125
28532
784
22266
5645
11917
8781
125
2200
27284
10349
35237
32913
10976
14113
21442
35438
29793
3136
29777
33556
3607
32929
7700
18189
392
6586
706
18189
6272
18817
11604
90
21326
2200
22947
17249
15681
16308
36065
3450
5018
314
28225
12134
800
5488
6272
40
220
4077
8154
4391
470
38445
862
706
25089
8154
21953
94
941
9408
16308
9565
282
15681
17249
30906
32929
22580
1568
20698
19930
23521
18817
20385
19757
16465
4704
19914
39201
4391
39201
12858
14959
14426
20171
11604
17876
188
41629
706
15524
28068
7527
7840
29793
13485
13015
17876
25716
20297
18817
20385
3
22433
100
14113
549
627
12388
42337
3500
12231
13423
627
470
6899
47000
20385
549
9405
28222
15053
1490
17876
12231
8006
1568
12544
24709
22894
47694
42667
24148
8781
45473
7840
25716
12858
7000
24932
20789
37320
7527
9408
14740
15530
25089
10036
1646
13172
20385
470
21326
24462
941
15837
1568
10349
18817
314
8674
27479
1882
862
7213
3000
37633
9408
13172
14426
30420
392
44134
8154
45473
17249
188
188
12231
7066
27000
5959
42152
11290
4234
94
7213
23521
21953
14113
26030
25716
23521
7000
23101
549
40
784
15000
39458
10381
392
13642
13642
5209
188
12544
14740
7213
157
25591
10349
15053
7527
282
13799
10036
2195
10976
10036
14426
1500
21326
26030
36166
11917
19579
18817
21699
14113
18033
5959
5018
5645
1019
2509
21953
5175
7840
10036
19444
7527
220
14426
7213
18817
21953
10820
28852
25264
10873
627
3900
784
10036
18117
46251
41048
627
30
392
9700
19130
470
2666
15053
6272
10976
5645
12544
282
2600
12544
27093
11917
3450
7150
13736
3500
4500
29793
30734
44000
18760
627
6586
36485
549
314
23521
6899
24415
11290
45
8467
11917
3136
20491
5018
1490
22894
10036
10663
44517
14113
18817
18189
16308
2352
24148
50
7683
19757
12544
27654
3763
14113
8097
16308
392
13799
14113
20385
37006
9408
13172
14113
23834
22894
40456
47042
10635
20171
29793
15053
17249
10036
44533
18817
627
16308
314
19306
16621
11604
21012
17876
470
18503
17876
7840
47042
14740
21326
23521
43815
19444
11917
3293
16766
28241
7527
3058
5331
16935
12112
10349
18422
27356
20000
4704
11604
9252
15991
6272
5802
16308
34497
19130
18817
6899
33575
11133
392
40769
16308
17663
15612
10976
8467
19130
30856
16621
37354
5959
16010
25744
23521
37006
706
862
43592
6272
17876
3450
10663
10036
627
7200
40
13485
392
9095
19444
12858
12544
40340
18817
10663
30750
392
31988
13269
282
29793
10036
5645
5175
7840
8467
17249
23433
16481
314
706
11917
1098
706
12544
18503
2666
314
42024
13438
784
12074
627
1098
22840
627
282
13000
706
10036
39201
28225
18189
13172
314
20
13987
18817
21608
9300
470
21395
37730
20698
11917
42334
549
20385
23207
9408
314
14113
34497
470
5018
30
40769
19287
23521
12231
21181
21012
13630
10036
2901
6272
188
45204
188
18503
157
21639
22825
7150
43278
16283
18826
22900
1900
15323
23521
5018
26861
80
3293
36401
21326
14113
13642
24283
39201
16300
3136
14834
110
34184
13877
2200
16621
43278
21326
24775
21326
392
9000
4234
41917
16480
15053
2038
7840
706
4500
21326
16894
8154
2200
43868
20385
10349
24681
10663
15681
46414
4861
10349
23521
14113
7840
15994
30891
706
35124
12858
314
4077
12544
392
15681
40456
23207
20266
4077
14500
15681
18189
24283
16308
19757
21639
7840
11992
4861
3763
12256
2587
27425
45436
22063
8311
12388
28225
10192
39201
13172
36366
470
16621
549
8154
6000
18817
14069
4861
45342
9722
14113
40
15336
25716
470
14426
392
23521
13172
5802
15053
12544
29793
188
5802
18189
21639
2979
19757
282
80
21103
11447
22580
24775
20700
15053
3607
21768
7213
12231
7840
26657
2901
21012
22580
13485
30
27284
15994
9565
16621
941
12544
24148
36065
42337
36065
9095
13172
12000
15486
26475
12858
9095
34572
549
392
39201
9722
13485
47042
20385
2901
21953
9722
14583
1568
16621
392
13454
100
14113
15681
16621
19914
9565
1568
157
26108
8151
26971
9408
1882
20698
4077
8467
18798
16308
17346
11760
22577
7840
14426
392
314
30734
7527
18817
13454
18817
470
6899
40045
18503
40926
17876
18817
25139
18189
11604
24775
9722
13172
4500
3500
15367
17249
8154
17249
19080
470
314
6272
36827
22580
3293
11604
26306
251
18660
10976
11604
18305
48610
2117
30420
9408
6743
10349
25299
17719
23521
11604
7840
19444
25
17876
5959
38445
24000
23834
1333
1803
13485
13172
6899
44545
32929
16308
29087
7840
9565
314
8154
392
21953
47
15053
28225
15681
6899
314
26594
5959
13172
251
45473
13485
5018
40142
25591
7213
13799
7056
2274
5645
17923
8467
11604
17553
10663
16621
40076
9095
157
13987
12544
1333
4234
17227
5018
47217
18669
14113
18000
220
25
31988
3136
627
11290
17405
26657
14113
80
862
7392
9408
13065
188
28225
22580
12544
5802
12544
157
8000
50
3450
16308
8467
18826
3607
4234
32973
40142
9565
1000
1882
15681
15994
23207
10036
19757
39829
39201
13172
18817
706
40983
627
5018
24148
15367
18817
12544
100
6272
15681
21953
3763
627
1803
16308
3607
314
23521
10349
43905
22580
9408
14636
19761
784
25089
42965
32302
314
549
8467
36379
5331
17249
11604
94
7200
23521
627
8781
34497
6125
16308
13172
2195
39499
16621
15367
29094
31317
14426
20266
18817
13877
24458
18679
21012
42337
24462
706
3
5959
18817
549
33243
251
25591
13642
11290
15053
1568
1019
627
35438
16935
18503
6899
2979
11917
627
34074
282
32929
10663
19080
15681
3450
9408
2979
6899
470
22580
1490
12858
19657
11917
18029
43868
862
26971
5331
5175
24920
150
40340
44724
24148
7683
15367
3293
21169
26030
470
314
1568
20237
282
15200
627
7213
26971
15053
549
11917
15681
36065
15681
9252
27911
11992
1254
5175
2744
18503
6429
2200
12544
15524
17249
12544
9408
22291
21012
78
8781
39829
2587
6429
7683
4000
14113
314
392
25089
20071
8467
37799
1000
46728
15464
16935
314
14113
125
18362
4077
15053
12544
46621
3700
24462
3763
32954
7840
3450
42692
27946
38809
549
12858
46728
7840
3607
4234
31361
25000
11917
1411
15681
282
25274
22580
15681
4077
10506
39189
18503
24148
5800
10036
19676
19914
44134
21326
2666
24148
20385
28423
2666
29166
15991
3763
6272
5802
7683
188
10400
15200
16935
19757
470
34184
20209
350
22894
17719
44862
188
17249
4077
12544
21326
78
7527
10349
15125
8355
188
12544
4234
24176
26500
706
24148
4861
627
36065
16621
4547
41397
10820
24462
9722
549
862
15053
549
1411
26030
8467
627
10349
470
5175
34836
6269
14426
12544
941
14426
32929
50
24302
18817
784
4701
8154
42337
15681
862
15681
48296
37476
21953
16323
18346
16308
18531
8154
14113
11917
5959
9722
157
43360
7213
9364
251
18817
30750
9500
3763
13485
9879
12074
48610
26030
470
13172
18817
9879
12231
15681
220
17405
7840
7213
21639
23414
42337
1490
41867
3293
7997
2430
4600
13000
11290
1019
12388
8154
16621
10663
706
188
30583
314
11290
14021
14113
30602
7840
7997
36827
94
9832
2800
35269
20385
13495
470
10017
2744
15367
17249
7527
26657
16480
1490
28852
22894
16621
8467
14113
12231
22279
19121
13642
11604
20071
7840
45445
4391
9722
8500
9408
14740
8300
30734
470
30
7840
26971
5331
31047
27598
13796
16308
18817
4861
20266
14113
470
16741
29166
10976
22266
392
19441
25716
42692
38737
4861
13172
21000
35
6586
45473
6272
5488
25889
11964
251
9361
17249
17876
4359
18189
470
14113
6800
36834
5800
1098
10349
3763
10349
31744
15053
24267
10349
6272
3136
42544
17000
15681
10036
11133
47
10036
47
157
26030
15053
14113
15053
470
14113
392
470
6586
862
314
8781
4391
94
2500
5018
12544
5018
17249
4704
21012
26657
314
15053
392
16151
5645
26108
16621
3763
37633
26343
20385
8781
20385
29793
20071
12287
9408
22266
392
18189
282
9722
11917
15367
470
1098
21181
12858
12140
470
7527
5018
10663
314
13172
627
37984
4500
18503
314
19757
157
22580
220
10036
15681
20005
16621
3136
24283
6586
7683
19707
11992
17346
25089
35043
157
34500
5802
15053
6899
12717
2430
2000
7370
17249
11290
34497
28225
1803
2900
17249
28532
18189
9722
12544
17249
18503
19444
22840
24239
21012
12231
43000
31361
1568
6586
16766
21953
43905
8938
5000
35124
60
26030
5959
1333
4077
282
5645
10976
16935
1019
5488
30734
11917
20005
5802
14426
15681
17092
5645
11917
4861
6617
15681
3800
8154
8147
4077
8154
3920
1646
21655
16308
941
37633
12231
28438
11604
862
220
10976
22266
706
3607
20698
392
13523
157
862
14583
17876
25089
18189
15681
16900
33538
157
8963
27654
23521
28225
20385
21012
392
34500
39085
33870
627
10976
5927
13172
11917
25089
392
9408
220
8386
36834
40142
9377
24462
15367
20228
25716
12544
14740
39750
17035
40142
8097
28225
46101
8624
36235
706
10976
11133
39750
392
220
8781
45633
282
14583
42337
23521
6900
627
15053
470
8000
10036
1882
470
14959
47217
19914
18817
8674
627
19130
4547
26657
4234
2744
41281
470
17054
39829
23521
94
17249
3293
13485
314
8624
3200
3450
2666
8000
42400
42880
20385
10976
9600
549
7840
15681
5645
37633
627
26657
33550
17249
2437
15500
17876
4547
392
13799
13172
18400
34240
14113
30734
941
20266
15530
11000
9408
4704
15273
20071
6429
19707
45473
10976
470
8781
7527
27190
21012
1019
251
9408
470
16621
6586
10964
2500
5645
18189
251
2587
14113
220
25299
32035
7683
17249
38894
1019
15681
28225
3000
7840
13328
11290
7527
7840
13799
7370
1882
16148
8781
706
15367
26657
14113
28852
1725
11604
30
10036
5500
6586
18817
40769
20385
24198
2430
25089
19444
30734
8154
30417
23521
23104
17346
22580
42692
17876
36231
34811
19243
3607
41281
19757
10349
3920
1019
2195
2117
21181
1333
3
470
25264
4704
12544
20382
90
16308
16621
12231
34811
26425
36137
18189
282
17876
15530
18817
70
60
25089
30
392
12544
10663
17264
20385
4704
10976
8467
14686
14740
15866
6586
5331
120
10036
7213
100
50
16308
18503
1882
18817
3450
23207
31361
8781
15681
42692
2000
10976
4547
9408
29793
21639
11917
25089
13172
12544
5488
5331
5018
7683
26343
470
4000
11290
7840
9252
13172
29793
19089
39515
15500
706
9408
16935
21012
37238
28391
784
251
4547
9418
1600
7840
11917
23834
18189
8938
11447
21953
25089
1568
15681
21953
11290
31988
3136
8154
44608
21500
125
25004
6272
11133
36065
11290
28059
11447
706
1646
1568
23207
20698
11133
12544
29793
16621
30
15053
16621
21953
47
22894
8624
18503
8963
14113
42218
10976
706
21012
13172
392
21357
16308
100
24327
6272
41811
23521
26196
18440
8154
25
13799
27598
18500
10976
28852
38609
13956
6743
12388
8467
157
8154
7222
24433
18033
25744
14740
16546
7840
6611
12231
13341
11099
5959
157
11450
17876
17249
17562
11259
8781
8700
2744
6899
1019
28830
1646
34108
17249
862
8624
12388
7213
11917
7683
43576
10976
10976
11917
28222
13328
46251
21950
18189
17876
13328
8781
31581
12544
4391
11290
10976
12544
188
30
38894
23207
13485
5645
14426
11290
15053
17249
29552
14113
706
14113
1882
11917
5331
3136
1882
10976
15524
20005
16621
7840
18817
26343
10976
1019
10036
30
5331
1300
3300
16778
627
28909
2274
15132
35438
14269
22580
14000
2195
20385
22843
20385
8938
15257
12858
862
9722
34497
42651
18817
10976
18124
18531
17562
12544
27911
1568
7840
20385
862
10349
14583
941
784
13000
40983
6115
33086
12231
36065
1960
26657
12544
17249
8467
18189
43868
34184
36137
1333
10976
22894
5758
16778
188
13000
13485
16308
42651
9565
1803
6899
6899
5959
31361
3136
45044
549
12544
22843
27654
9408
15681
11967
38731
20071
13178
40092
14500
22894
12544
9900
100
8467
9722
13172
16621
18189
5331
10349
2038
2666
13172
314
11604
30596
7000
41701
21953
18240
32302
706
14050
30734
1725
157
8467
4861
16621
20385
45160
43905
30082
21950
34184
17942
36065
14062
549
7213
38445
3800
11290
23521
26343
9408
9408
40
5500
18817
2666
16465
25716
20786
2509
627
15470
44752
25
12074
16151
22000
5018
14113
8624
29793
21639
10192
2430
7840
10663
392
10349
33575
23207
30
12544
13485
15994
15681
1960
7056
21363
45436
24283
32302
15132
6429
18189
9408
1568
862
18817
29586
21326
15053
12544
2979
17346
13485
706
10349
21805
3763
40
157
6586
16264
5018
7213
470
21395
14426
12548
11613
25716
20149
19444
29793
21953
14426
8311
11290
44517
10036
14113
16741
7683
1568
21500
28241
18817
20266
12544
15053
35752
39201
19444
28225
17249
15681
5488
15681
43905
2822
4704
14113
41553
20071
470
12544
314
784
17562
1490
27755
8781
14426
15681
12388
10036
22266
1490
7840
18189
6899
8781
627
19130
11563
21012
14113
13015
40769
2979
4500
9252
11917
25729
20385
4234
5959
15612
251
5645
18189
17249
20385
10036
18817
3763
21790
10976
14269
9408
26196
21796
4077
44878
1725
3293
12858
15053
18817
10976
220
8311
157
21326
4704
19444
17876
22075
5018
10976
12858
6899
20005
4391
18240
2901
7997
18189
10349
2587
4704
15681
20266
13485
6272
90
35752
27911
12858
11604
34635
6586
12544
17619
44752
13172
314
862
5331
29586
6586
627
28357
25591
26701
45633
470
15210
16308
15053
2500
282
21639
16571
9722
314
18500
15994
16151
18817
392
941
44523
15681
34811
188
36
7840
26343
12388
3607
7700
23521
10500
13172
6115
50
1098
470
38574
45436
15053
13799
46728
17249
13900
27755
2117
46919
36564
50
21000
17415
44846
11133
6586
18817
10976
9879
6586
188
3293
13015
36400
392
10349
7056
15994
2038
470
9095
30750
6272
3000
392
16041
2666
6272
862
3450
24458
13172
35338
37633
13485
4924
16766
14113
38574
7527
40769
110
16778
30640
12544
8154
10349
314
157
47810
21953
5331
15681
6899
20698
25089
21796
11917
19444
862
13328
15053
10349
16935
21326
24462
784
14113
18208
6899
7056
21768
5018
15681
470
34497
24148
6429
4077
941
38213
549
16618
7840
12272
7213
10976
25591
25500
19707
392
17405
3293
9095
627
20385
5372
6968
549
8154
31361
46728
29793
15681
3293
7527
30734
20005
4547
14113
19444
16010
17562
11604
47107
27911
16621
13485
13172
20237
20
5940
3607
37633
32945
17562
13485
12544
470
9095
17245
12231
1568
17942
25089
5018
5175
65
15100
549
32615
18189
10349
10976
14113
10349
3293
5331
11604
37633
3450
16041
3450
392
30
4861
32772
24462
27541
3500
29793
25089
7310
25089
23834
46919
37006
31047
784
45473
8467
12800
29166
157
3607
1098
2901
12544
25716
28592
21636
36065
14500
8467
1568
40224
6272
12231
39559
5802
470
1568
470
19444
784
24148
21918
862
26186
4234
11886
11917
31361
2901
41553
6429
5645
3763
24123
17876
13328
29793
9252
24148
1725
784
26657
32302
220
14113
220
13172
26030
16935
14897
21012
392
16308
43576
9408
18817
12544
157
11290
25559
21410
314
8467
18817
37633
21103
27500
784
22894
16308
21953
38229
11290
5959
10349
2822
3763
19444
7213
40064
18817
28225
470
6586
19657
13485
39559
21953
15681
30200
10036
11917
7527
8781
784
549
27598
862
37320
2195
7213
16621
70
10349
6586
3
14069
941
1646
470
10669
1019
470
10000
37633
14740
251
220
14834
157
5018
11290
220
18669
15681
11604
16935
199
12544
1960
8154
37984
9000
2700
17249
1000
15063
3450
251
7464
5645
9408
157
11666
27284
3136
45044
14113
22894
8154
47201
11704
549
941
7213
25716
20385
41811
862
5331
40
9593
627
862
2587
22357
15994
29793
9565
12544
4077
11900
18503
5175
784
5331
8643
4861
27356
2352
11133
20071
13328
5865
39044
11133
15681
32929
16308
31650
17249
22110
12701
941
21937
4936
15681
17249
39161
5959
282
21639
19444
627
5645
17562
1490
627
1333
9408
41883
8624
21953
35850
3607
44545
31659
8467
17249
29793
3763
20005
20814
16308
22266
37633
15289
470
10349
15053
8154
1176
13485
10976
188
21482
12858
47042
29793
2509
706
784
15367
26180
10349
9252
2500
12231
15612
11604
392
19130
25089
5018
13799
8781
17562
27911
8154
1176
3136
6272
41281
4800
7213
14897
5645
19757
11133
22580
470
46919
627
3763
40
21181
15367
7213
15681
3000
27598
16935
392
7213
6586
36219
314
9879
23521
10663
18817
12100
21012
110
9000
12388
11604
37062
9095
16308
9252
35736
17942
6115
12858
9408
15994
11604
16308
23521
14426
45928
706
4234
3293
706
3136
1333
16621
20266
16327
9879
9565
392
1568
30107
19378
19444
14113
17562
11604
18817
17054
1490
9408
2038
35908
24148
23521
4077
1254
862
392
16935
8500
2500
15053
14906
6899
706
4391
7527
37633
7527
3450
12083
13328
10506
19757
12541
30734
5175
11917
3920
15367
8781
12544
1019
188
20698
188
11760
17813
282
941
5645
13000
862
6272
6899
20385
220
8311
13172
21953
10976
157
392
470
6272
1882
14113
9565
7213
549
24462
23521
11604
31988
5959
9252
19130
4704
23521
33575
31204
21953
862
22266
25716
862
3763
31653
26030
30891
20385
1725
10036
6429
16308
23521
3607
46728
3500
9252
15681
4704
5331
8467
36968
31361
42692
16286
7370
39201
23521
12388
14583
40340
9408
9060
39201
94
2038
470
13485
11290
14069
19444
9408
4234
2901
44533
470
314
4391
1568
21040
17663
17249
18503
24415
29793
1725
21805
4077
706
10663
44219
9408
706
220
3763
25089
4391
20071
16621
8311
94
22894
9408
19679
6115
2038
23521
44545
14113
7840
1176
44134
17562
314
15483
150
20385
9252
7997
627
11917
10500
13658
2901
15994
13172
2901
25716
4704
32274
14800
18189
10976
47669
5018
16935
34406
5331
4400
31988
9408
32929
1725
8781
20385
32340
45044
30734
19121
18500
314
4547
12544
3500
3136
3763
9408
45825
7840
10976
18189
100
15624
21326
314
16455
36065
157
21953
43278
39201
18817
15681
7840
941
27284
24462
9408
14583
19757
11290
15681
17249
11604
28909
18422
600
19130
8386
470
941
18817
3293
39829
13485
16900
16913
10349
19444
392
12231
25716
3293
24327
470
18503
24148
392
15000
1646
627
24148
1254
35557
6586
941
125
10349
120
1646
282
14897
7300
7850
7683
30734
392
7213
5000
18503
94
314
862
7840
28909
21326
37633
12570
125
1333
21326
40926
11917
16308
39201
12388
45734
13564
17249
188
30367
10349
20698
251
12858
10506
14113
862
1568
1725
627
6429
2509
25729
21326
10036
12544
26613
27598
37066
17249
32973
20228
17249
4547
15681
24327
21953
5645
220
16621
22166
392
9565
5018
15053
16123
314
43000
35902
10976
28225
1254
18189
23521
17035
15063
10349
3293
19130
35846
300
15524
38060
2901
17562
5959
12231
16465
6272
27654
50
19130
15681
6899
15677
8781
21953
17249
9346
13956
1960
627
21953
25716
12231
314
30750
392
21326
18817
13642
23834
15367
26030
15060
20071
1646
35269
1333
30
18817
2430
3763
7527
36808
20385
8311
23207
19757
9888
7213
15681
7840
10976
706
941
30
16894
314
15681
1725
10976
38737
26971
5645
25089
42052
34406
23521
549
2666
30
11917
627
15994
24029
50
7683
20385
12074
14166
23000
3293
314
25638
17876
1725
19369
35046
23834
14113
2587
15994
3450
17876
40926
17249
9408
28225
18616
314
15681
862
23204
9408
1490
20385
18189
11200
47217
9722
6899
8781
157
627
5018
14740
35900
627
17249
37947
23207
13500
38737
9879
8311
46414
5331
16308
6586
12231
20209
549
7840
9879
5604
25512
2352
6
5018
784
6899
15681
20385
1646
9879
16308
11917
470
13322
10976
8467
25889
18092
7840
19384
36065
27654
3763
7056
21253
7213
6586
14081
5018
627
29216
9252
22357
627
30931
549
470
11290
17876
12720
20385
37066
4861
16308
2744
12544
6743
46490
45633
16621
21953
11604
19444
9252
862
14740
25
36065
12231
24738
14113
9252
25089
282
2509
21012
17249
4547
17158
314
7527
26030
20855
20698
3607
7840
43902
15053
6272
19444
39201
43905
16621
8781
26657
22200
9722
18503
4547
6743
10036
12544
15988
9408
4391
10036
38260
15053
17484
2979
41400
8154
26657
47537
3058
23521
1176
10976
282
250
4861
11290
17562
8154
706
12544
5959
31047
549
37959
80
784
2509
8154
3763
392
13485
25089
11604
24148
20005
26594
22894
13799
14113
627
8467
22266
8154
8467
11290
4704
10976
23521
30734
16621
45342
18817
282
18817
6272
2979
16621
33575
470
40769
11604
1176
39026
23521
14113
17000
9565
8781
25243
17249
14426
627
40
9722
3450
2500
13485
48610
10036
7840
10976
41161
7056
17249
42337
392
13799
26657
16621
21181
392
50
9408
12544
23521
10036
17249
16900
3607
3763
26657
26657
470
7840
13485
26657
3607
9879
157
11760
29169
188
1803
3058
21012
19369
6586
1568
19130
40889
20385
8311
40390
5018
22063
16138
9252
11604
627
10000
11133
157
15367
21953
3000
26149
11917
15994
2666
11917
10000
22580
1019
31361
13476
16935
6586
22621
31361
45674
12544
5331
4200
4968
220
470
100
18660
7213
549
19444
26030
20385
9252
470
19444
7000
18211
9722
784
45473
7527
188
9252
4200
15681
2195
18189
4861
12231
2509
13172
19030
2509
1646
3920
22947
9
23521
13485
18189
10036
14426
17876
20385
470
7683
46728
1882
28225
10192
15677
8154
31
10976
6272
470
13500
9095
2700
157
15681
13000
15681
19757
12544
20385
6115
470
8963
220
941
20341
41710
282
8467
3450
18817
17249
32302
3293
8148
15994
26030
7997
31831
8467
5018
9879
25744
9252
15681
13956
17092
2822
47042
10036
9565
549
549
314
26657
3450
37633
46728
15681
1568
15681
9408
25456
6899
36065
17249
6272
11290
7840
12858
941
5000
16935
21953
10932
8467
314
13328
22894
30
10036
27924
8154
28821
45633
5331
7213
19130
39603
26255
45445
29777
4000
29793
40983
12281
18983
4861
32305
14897
13495
9252
392
24462
12544
15367
23678
14113
10349
2666
19416
3136
13485
627
15681
5018
3607
7840
5300
9722
14269
47217
706
627
188
2195
2509
3763
10000
40769
29793
12544
18817
862
22649
470
549
23834
6429
30734
19757
9722
10976
25089
9408
21639
18503
392
14113
14426
314
9722
15500
15925
42692
13000
40769
7840
41629
10945
37633
39201
29793
3293
7840
10036
14740
18817
20385
1568
1254
34811
3600
33243
470
32377
941
32954
2901
36219
35046
21953
9095
19130
13764
10192
2195
19130
27911
188
18503
17249
9408
17942
18826
18817
4704
4704
36827
13485
9408
3763
10349
7840
4632
10117
21639
10349
3450
27441
21326
7840
39201
5018
25089
14113
470
862
392
6272
30
6899
4704
15367
34811
14583
31361
3763
251
29323
31047
43905
19444
9500
18817
13485
549
15681
6272
29479
8781
8163
14269
30564
47042
15367
15367
39499
5488
862
20385
1700
470
13328
17249
21326
627
12720
9400
31047
35752
3700
12858
25086
470
1098
16621
862
26343
11917
784
6743
28222
2352
470
21109
4704
6269
6429
470
6586
7213
21953
31
470
5328
100
4704
10036
22934
6272
6743
28608
5645
26657
17249
33500
6272
7056
8467
3400
2038
16935
9722
17876
18189
13485
17000
6115
10036
15681
8000
1725
1411
2000
6586
4704
8154
29793
6272
11604
4704
4861
14426
42369
10036
17249
392
282
549
2509
11604
6429
20385
25823
16621
17562
282
16599
19444
14740
314
13485
8311
16788
11290
7056
27284
22332
1568
5225
16621
13172
14122
3136
7527
11290
14113
16894
19676
48534
22894
21950
47669
392
24462
39201
16935
15500
15681
17249
9722
12861
24148
25089
34497
46728
10820
10036
24148
18826
47042
13877
392
20266
20200
941
8781
20000
9095
14113
120
6586
1646
23678
9722
2038
21410
20385
706
80
11290
8781
9938
43278
15367
22580
15367
314
19384
22580
25810
12544
706
1960
30784
6586
37633
43868
8467
16621
34074
28241
10036
251
14000
37947
15681
19312
21953
25089
8467
15850
220
1411
19757
35438
10976
9408
21181
26770
251
30712
470
19444
13172
17249
14740
36692
32929
24148
470
11290
15681
314
21326
20883
28357
1803
46223
30734
11917
12858
2038
23521
33214
28225
11604
34811
20450
1960
18817
1646
1176
40769
6115
706
22580
32302
42651
46414
4861
470
12231
470
15210
30583
8154
15367
21953
21103
15210
2500
5802
9722
37006
7840
706
10976
18817
3763
1333
9396
9252
17876
46728
627
627
18033
7840
25591
9722
30
3293
22947
22580
1882
392
6909
20385
1646
10976
7524
1490
13328
29793
282
13203
627
18817
9722
8154
8154
22063
3763
314
23518
20228
15257
45542
4704
11917
16308
5883
25889
8154
13291
30887
2500
17249
10663
23994
9408
6611
4547
627
24462
5959
7527
10663
17559
549
17876
13172
18189
20777
8467
24239
3607
4234
16621
9408
251
470
34673
392
12544
21953
39226
19757
14113
21012
13454
3136
41886
941
44878
16151
15053
23834
3000
9879
45
44843
3293
24462
549
706
2509
3600
392
1882
7213
8467
11604
3763
3150
627
45044
3763
20266
627
8154
9252
3136
314
7213
8781
11604
16308
7683
20698
24148
862
34497
13642
12522
9408
706
20266
6743
14269
6429
16935
30
2117
60
36827
10000
7683
10036
9722
16960
470
240
25365
6272
15053
6272
549
2352
10663
2666
10036
18422
11917
30596
3763
1568
12000
22266
6899
1568
1725
4704
3763
13485
3920
28852
24932
37006
1882
40769
784
19444
13500
157
20385
25810
21953
1019
8467
22580
14426
2587
41259
27284
3000
7840
21987
20385
9565
25
22545
28830
4547
16308
12544
23521
2430
11368
15053
25716
7370
36068
32035
21953
14740
20385
9252
9565
627
17876
784
9879
22649
27654
19416
45
28523
30
13946
10349
23521
1725
22894
40
35
22843
17092
27284
7213
8938
13642
470
17346
9408
7997
22580
7213
18817
14740
15681
220
6586
10641
23521
9747
13799
27598
24148
392
18679
1411
16408
25089
314
3763
6272
35438
8467
3293
22649
47
1882
470
11604
4800
188
10663
392
12541
63
150
4391
13172
30
18503
15681
9879
14113
3763
25889
11604
10976
6429
2117
11133
8154
4180
19444
11290
3450
10036
16621
188
14113
8781
12701
8467
42692
8154
627
36968
18189
19121
3450
31361
8500
1803
282
16879
16443
26343
30
14856
9879
4391
627
18817
22649
25716
3450
7840
1960
10000
627
31988
18000
28225
17500
14426
10500
10976
9408
23521
19757
13485
1646
11259
10976
14740
45473
8781
16308
37320
13013
29793
23207
15681
19000
5331
8467
16358
22357
392
16621
1254
4783
48296
157
10036
8624
14740
5331
17942
11290
45473
44890
16308
7840
8467
6586
12231
9565
10976
7840
41221
13172
941
392
12861
941
16308
18817
37006
23678
18817
862
28539
40
7527
13485
6272
12544
5331
8500
8900
4704
8154
9095
7056
2430
3
28539
20297
20385
15053
22580
38157
20266
16621
40362
4547
17249
157
7840
25716
26657
21639
17240
13799
6272
314
4077
21473
8311
4704
10976
25716
28423
17876
4077
7840
21953
2509
25889
7997
10349
1098
7840
549
24029
21012
21953
7840
10036
784
34497
12544
7213
6500
14500
19416
23834
125
392
26306
28852
13172
14113
40769
1098
15681
862
10663
21953
31047
400
31
8154
6429
862
29323
14113
627
16308
32045
10349
21012
1411
2430
32973
3136
2509
8467
8154
13172
18817
34240
706
157
24123
470
250
5488
15681
3000
3763
15053
12544
31361
21796
13485
31361
11917
10976
9565
3
29793
29793
392
21953
4704
23994
20385
6272
10349
5331
13172
9408
28225
2352
21395
18189
12388
19416
18798
13485
17249
14113
17876
33494
549
34692
18033
12143
26657
45
18189
706
5739
9408
470
4234
17719
15681
6583
17747
11133
19444
6586
8154
17562
42337
14113
22894
12231
5331
45473
627
22266
7370
16935
5802
15681
7840
10663
392
157
30326
16778
157
706
8154
17249
9565
282
28423
11917
282
12544
18189
20385
17876
3700
188
17876
26591
19757
14269
12544
30
251
12388
90
27294
17249
1098
12544
188
8467
16891
10036
7840
24148
31082
30734
15681
11704
19121
4704
549
4077
15681
5331
6899
392
19444
7527
17249
392
12074
18189
15681
18189
15524
36065
941
15994
1646
5488
2666
13793
862
16559
7683
46518
12544
11274
32929
18189
157
15496
18189
16308
15612
1490
10036
3450
627
15053
7840
5378
14834
32929
25597
43360
17876
80
7840
32929
15053
25716
22580
12074
18000
21856
19757
12231
36065
25089
10036
2274
941
3700
10349
3136
2038
33707
6586
16621
15245
14269
14897
14113
7213
10036
392
18817
18189
13172
18817
29094
8000
29479
18503
10663
7840
392
45787
1568
14113
22580
23521
941
34657
784
13172
15053
19130
19444
8467
8154
24148
392
6500
627
13454
8781
30
627
28241
14113
6272
10976
21012
1725
9252
1019
11290
48296
23521
37125
6429
9543
12858
8467
8154
251
25591
10036
14909
7370
8781
15053
14113
21326
11604
40688
22567
7840
16894
36065
29793
44943
1700
1098
17562
25089
22649
21953
19757
17700
60
21326
1200
36802
25763
13799
549
30
14740
12231
5488
1725
27065
70
14426
3293
5959
21953
45
27654
14113
15681
47042
30740
9722
24462
21012
43905
12388
25716
7840
1019
1500
282
19924
7213
22197
17249
4077
23082
21975
16308
94
6272
6272
30351
348
1019
5018
470
8300
11133
15367
784
14113
6272
15681
6429
5900
15681
17562
9565
19757
10349
39201
4391
5500
42218
30107
5488
36065
784
14583
941
11290
16621
7840
7840
10036
24148
22737
31675
10976
13328
3763
36733
24148
17158
470
22580
10958
25
26324
12544
2430
35344
26657
12231
7213
25591
15681
7840
4000
11864
28909
784
21953
24148
950
470
2587
5645
10349
11917
19306
16308
11604
3607
32409
627
11290
40
43952
46728
13310
11290
5645
43905
9252
1411
19444
14426
314
34419
11604
4500
38445
10036
18503
19444
13172
9408
30420
27911
24000
8781
7213
11604
188
22110
10349
30420
18189
2117
2587
21326
7213
12544
27504
1019
17249
39829
4077
16000
8781
14113
13485
157
18092
28852
28852
16308
21639
6500
20610
38822
16935
3763
28100
10976
8097
11760
16443
20385
3450
14740
11917
470
14113
20068
17092
8000
43278
23521
11604
314
1000
11415
706
17876
37611
5959
8624
11368
22580
7840
38574
250
16621
12858
31047
9252
5959
2666
7213
8154
4704
251
862
34419
29793
38762
14740
470
941
40
26657
8634
19444
11259
16500
549
48610
9252
14269
16465
23521
6272
10663
784
4861
32311
36730
370
2038
2352
43952
29762
24327
18817
15681
23935
470
28225
34108
31047
10976
8467
23834
627
7997
10635
21639
314
13172
23207
26343
470
80
36834
4704
10036
31047
15053
706
784
549
15681
20698
11917
7213
20005
11864
18503
31
14113
30784
28225
27284
6899
7500
21639
5331
16621
16621
220
17249
43880
4077
32393
8154
862
9408
1019
470
39829
4547
14454
941
314
8781
20005
7056
12388
5018
157
10976
30906
27065
45633
21103
21953
19130
17562
7527
3450
26030
14113
282
44247
22106
5331
314
38574
10000
31361
30
706
13172
9565
22502
37984
18503
470
4234
15681
30734
17876
22357
392
16480
24709
392
4861
13485
5950
20071
23521
1098
16960
2200
8467
17249
23521
862
941
30
17249
9095
6586
6429
8467
13799
7997
8781
7500
22825
314
10349
34836
19306
392
282
17876
20385
18045
24462
46022
8006
25402
10976
39201
470
19444
4500
18503
31248
188
10036
18503
2195
6899
40556
30063
21953
44166
3763
19933
1725
19384
6743
20071
36567
11917
862
35168
10349
450
19757
15994
17876
470
3763
15693
34340
18503
13485
4704
5893
25716
11133
10349
6586
14740
6899
23505
4704
14269
20385
12544
6899
627
16308
10672
7840
22567
28225
15053
21639
11917
314
4861
9100
27598
36219
29793
45674
4679
314
12858
3293
18346
39829
470
10036
34074
30891
7213
7213
22549
6586
3920
627
14113
2430
3136
43655
16292
5959
10349
50
10976
392
2352
16935
8000
16465
10036
34406
44134
15053
5488
8781
9722
40224
20266
12231
12027
282
3763
23207
15173
29793
15681
14113
10663
7837
11604
5000
34980
40769
3920
33870
11287
6586
39829
18817
10036
10976
100
1646
11917
26927
941
399
18660
24148
4234
7527
17876
1019
251
2430
3920
470
13702
549
47989
10036
10036
862
314
5959
5018
470
3293
1725
8377
15994
10036
941
44846
9879
1568
26030
3763
34240
38574
11917
20385
15681
941
6000
220
6272
4861
4234
706
1333
15524
7840
10349
19121
10036
14113
18647
11447
25089
470
14426
21181
21357
30063
314
314
2195
21012
6899
15681
43576
188
10976
140
392
7840
17249
18189
4200
8154
1960
12544
20171
26343
46728
26657
16308
1646
34692
22580
11299
30
16778
15053
19757
7840
36774
10192
15132
5959
31361
7840
470
20071
14834
43062
17249
13799
8467
38400
7997
11604
16778
20071
15210
3293
17562
3763
17249
43278
16308
11133
10192
12554
12544
21953
19130
17249
549
282
16894
470
30151
11992
46728
10036
627
20266
37125
17249
3000
9252
12544
6899
12231
14113
9408
32035
16151
470
16621
12388
8781
27924
15681
37006
706
6899
5645
16621
7213
9722
31659
10976
12231
4704
13485
11807
21953
16935
23521
21395
12231
10976
188
41811
11917
5645
627
9408
26971
10976
4861
25089
188
4737
706
3136
40983
4704
8154
11604
45160
8154
1960
706
16000
120
14269
5645
10663
21953
10192
10036
16935
392
40
22580
13485
11200
4077
33243
549
38609
706
15367
20385
40769
22894
18900
10945
1254
12858
18817
15624
7683
314
3763
4547
9500
26657
17562
10976
16621
9095
15681
28212
12701
22580
40769
3763
1646
41547
15681
706
24148
10036
9252
16308
21326
30734
4234
44865
45210
9314
157
19444
25716
2666
8467
23138
6586
15681
2352
5018
18817
28225
17249
14113
20005
19309
16308
188
13015
10349
18503
42933
26657
14113
48610
8000
16621
26657
6115
6899
15994
18240
5018
27435
16308
10976
549
2038
19444
28225
12231
32929
15367
12000
10663
21796
5018
17562
470
6586
188
15612
21953
157
15994
9095
14897
39829
2200
9565
31361
392
3136
9408
16621
17876
3136
5802
3763
11917
2666
11917
251
27946
2666
10349
19130
9722
282
10036
31581
41547
20005
3607
18503
14069
13799
13172
314
8781
22433
6272
6586
140
8781
47042
15681
24327
5331
1254
3450
33230
8154
862
1725
22580
9565
706
33500
5645
32311
20071
7213
7997
16500
50
29479
15681
17249
15000
42024
10976
392
282
24618
41710
2850
1490
16308
12388
14113
6272
15289
16935
13172
157
549
6837
5959
17305
13172
30420
10036
1568
14069
31361
22580
1176
8000
5331
17249
27770
21012
18503
16935
5802
706
157
7840
784
392
12231
314
18189
36379
1098
14113
549
314
11604
2117
8781
862
3607
110
40769
3136
862
250
39201
28225
188
26343
706
188
18817
188
12544
30
41886
45542
14113
11133
29793
8778
8311
38888
41221
13328
392
29950
46414
19309
470
11604
10000
19914
12513
34497
1646
15872
6476
5645
4200
251
14454
14426
21000
14966
3763
627
5018
9408
10976
9565
23521
25591
6272
25089
470
15053
1882
6272
23521
120
784
10036
16621
12544
1333
1646
29479
10663
17249
14113
4861
6429
19130
1000
12858
34406
470
15681
26657
30734
13799
21953
25889
3500
784
16621
10976
7997
4234
19130
3920
29479
13485
4391
157
18189
12544
23364
6272
3293
13642
28852
157
4391
31449
13172
29793
5488
4000
40889
35570
7188
392
7213
10976
94
37633
392
11604
9408
13093
25716
392
32302
39201
36401
9722
11917
16935
7213
18503
6272
706
13172
10349
706
39201
9252
157
19071
18503
42337
5331
11917
31
6743
16869
188
23521
7840
9252
7213
8674
3136
3763
549
706
30
9722
9408
21940
9252
16308
5370
15994
470
706
706
22894
6586
549
26657
9722
314
627
706
19130
37232
7213
17562
1568
10349
3136
10000
19416
29793
5959
314
14113
392
15367
45473
37633
2430
30420
12074
18817
11604
784
28830
40688
36899
15125
7840
549
18826
14113
31361
627
26491
1490
14897
14740
23207
4234
37633
3607
10192
549
30
13178
26343
10036
2200
25089
26657
4800
18826
28852
1568
8781
12287
4077
3136
16621
21805
34497
24462
26971
627
14113
5865
10976
18817
4704
157
17249
43278
392
11604
17249
549
784
22580
15257
13172
16935
5331
314
15367
11604
941
16935
17562
5488
27284
48403
29777
32302
12544
12880
9408
34808
31581
10000
22423
10036
13172
5488
21181
282
21395
11290
7997
470
13328
16465
20266
7056
2430
6115
23060
706
7840
15681
9722
11604
157
470
12800
6900
3136
10976
3136
6272
40983
16766
15000
60
3763
784
549
15681
8311
627
14583
9252
35902
19444
9722
47989
784
18817
11290
3293
7527
7527
15681
28852
40769
862
627
8781
470
3607
27284
7527
9408
7997
15681
16935
19444
17484
20237
17876
7527
10349
14834
94
10036
6000
42337
12858
5018
1646
8467
314
21768
2822
16935
10976
39829
10036
500
18189
17300
12544
22502
28600
3920
13172
30
20918
7213
13172
470
10349
11133
11133
15681
941
31047
8123
12231
9252
2509
70
27654
5645
13172
21953
7840
36000
15053
8500
16621
5645
7997
251
3293
18503
9722
8467
10506
16621
12544
5018
9879
8154
50
2430
9722
18500
18817
549
20385
10976
1019
43905
10663
7840
7056
6
46728
32145
8963
314
14740
13172
8154
14426
23436
3450
7213
8154
23734
19444
12074
549
17035
2509
314
2274
15681
14113
470
11917
17249
22715
16935
43868
24148
48566
110
392
15053
41720
19823
17876
9722
19757
10036
19757
9095
13172
46414
40769
3500
40
706
2500
18240
14113
9418
14426
19601
16599
20385
22580
9700
17249
10976
32973
2509
39891
17942
11290
30
20385
7213
282
549
23521
12544
34497
34657
10349
32302
3920
12720
16621
12432
18503
7683
19121
5018
21953
16621
10663
4547
15681
470
16308
18817
7213
157
27065
39201
12858
7840
7997
7213
14113
15323
4391
15681
25089
941
1254
17876
26814
9252
1
2666
13485
19444
17562
13604
392
18189
706
17562
15132
16308
188
6743
13658
14583
13485
30
7527
8781
31047
7213
42171
21326
18503
20385
10349
20385
125
10976
314
1882
25716
17876
706
11290
9879
157
19444
392
46728
13172
1254
20385
15053
45473
862
94
9722
15681
10697
4704
24462
41193
26296
392
470
10036
862
10976
2509
7840
470
3800
11290
18817
13172
15053
7213
392
14113
220
31421
3293
21012
470
27190
9722
3
22580
16308
220
18817
392
549
3763
14166
6899
4077
6269
80
16151
9722
36899
50
8467
20438
3763
3
15053
16308
12231
14740
37984
784
25500
8154
12544
627
2038
11368
24775
706
19287
314
23703
15524
22580
15994
7213
35309
24029
470
11000
17876
10036
549
20071
157
35438
1646
157
4861
10976
18503
11604
31317
7683
11290
16621
13172
1019
22580
15681
784
8781
941
35570
29087
9722
7527
7500
10976
549
5175
15681
10976
22894
15681
17249
4861
3800
19444
549
6000
6899
7840
21326
12544
16618
20385
314
43655
470
5802
706
13799
9408
4077
8467
8467
627
48610
19757
36235
9879
25402
16621
12121
7840
25089
9095
15681
8467
3293
12544
6899
50
25299
7683
12334
28780
314
22580
12544
13799
34811
22580
18503
1019
37633
14426
22947
21326
32245
24148
941
157
42692
392
6272
14113
17923
13956
18973
314
23521
13962
7997
5331
11604
4234
3607
5018
282
20385
10976
130
200
157
1176
1019
18817
2901
1098
7213
282
4861
15000
10976
12231
11604
10506
20385
9408
30038
6899
17876
16935
7840
5018
14740
12300
23834
16480
16308
1411
7056
46919
706
18669
36065
28225
13328
36065
12231
15681
18817
9722
37580
16935
1490
44875
2430
38217
784
30420
41387
31361
3763
11099
22894
1098
17249
24148
11604
17249
10036
4077
314
1019
16935
11604
5927
9408
17876
9722
470
41221
7840
16621
23521
6899
4704
10506
29166
24123
5959
22063
13485
24239
3607
28225
20165
48575
32302
27755
20071
7527
43905
392
42337
12231
8467
4391
6586
42337
1019
11650
7213
7527
6899
9252
30
7840
16500
19914
1568
784
47
38260
16308
23436
6586
1803
13172
29711
38260
549
4077
15681
44043
5018
627
17000
6586
12544
4077
220
25089
941
20071
40769
706
15681
10663
470
19757
27889
7997
80
5000
32929
8154
10349
15677
1490
1568
5645
21326
42538
39085
13172
549
30
38894
45542
314
43128
27422
4861
23521
21953
42218
15681
30420
17249
188
392
47042
24775
627
10349
47042
1150
10192
3293
7527
4077
16778
627
12231
12544
26030
784
5000
12858
862
40
157
10032
11290
5331
22357
45473
12544
17249
13485
21316
3
549
18826
45
314
12858
31361
5018
8467
1882
24085
42337
1646
7840
18189
12544
17249
16894
4077
12858
12858
23521
22580
17876
16480
32910
3
862
12544
1176
29793
8781
7683
6429
15053
18189
31988
706
627
16621
37984
1882
8311
8154
24462
5645
4077
10349
25591
12388
23521
549
16618
3607
23521
6272
8154
8154
3293
14269
50
27435
7840
19757
27889
627
8781
12388
14113
2430
125
15053
6586
15681
5018
470
19121
27654
42052
34497
5645
11760
8154
2666
9879
18503
37633
20347
6272
15681
29777
36808
10976
10663
44790
706
21639
11290
22549
8154
26030
220
6586
2430
627
25716
12544
392
706
27284
22567
5175
43905
15681
2800
29075
15367
35328
17249
8938
32929
27598
470
3136
11604
18817
314
12544
24775
10976
13799
12388
4391
18817
21796
2822
21326
38063
15367
1019
11290
4704
19184
9565
5645
7997
30420
20005
10506
39085
15367
14113
3136
14740
10923
8781
4547
40224
15524
13777
862
3763
9722
15367
8467
34560
22894
12388
18503
30
627
2352
1176
3136
30734
13799
39559
19707
314
7527
251
25
10249
12231
1725
20385
26500
3607
14269
3607
46728
29793
36426
8154
29793
9722
6800
23521
15681
20385
10036
45044
6272
13485
7317
45
12544
78
22063
4300
941
10976
20542
42337
13184
8154
1646
11917
4704
1176
14834
1568
8154
16308
13799
6899
25089
549
5331
26262
11917
41538
20385
23521
16308
33575
12544
251
2038
9252
21012
12600
20385
7840
470
7527
13172
19707
314
4547
7840
862
18817
15681
27463
31361
8781
7527
50
44213
7997
35043
22649
470
25000
15681
21326
627
11412
13485
188
7213
5488
314
12231
47377
36065
18817
27911
1960
29166
33243
14740
46728
3136
42786
17249
6899
7840
862
31361
862
1176
12544
14454
19456
26030
9408
15994
5959
8467
17500
24571
22800
24775
25089
8311
13172
1725
251
21012
392
1019
14113
470
14113
784
32578
6429
15624
18503
549
12544
8781
13172
35403
13485
21639
26657
6586
26657
24148
19613
706
29166
1176
6275
70
15681
5802
35610
5645
39578
3000
8781
20266
70
1490
19601
10820
12880
4500
12388
23500
28592
706
20385
17249
3607
39389
1882
13485
7683
1725
11604
125
282
5018
24709
15524
16308
23521
13172
627
9879
3607
9408
6899
314
9000
40
14740
549
3293
10976
34074
19444
5959
784
14113
7213
17876
8500
18817
16308
1098
18503
39829
15367
30
26030
29580
38260
27162
12231
31361
10976
10976
21012
392
5331
19444
18189
627
10349
19757
20385
5175
6272
18817
29793
7370
6272
5018
19416
50
5645
16041
22894
6
14113
13172
14113
10349
32412
392
14113
5645
21012
16621
11604
8154
26030
16621
20005
30784
24500
2600
32302
23521
23239
9408
31361
4704
1882
22260
23521
8467
15577
8320
12758
46919
17405
4861
1490
20385
15681
39226
90
282
8624
14426
10349
100
27284
10036
470
39515
6272
8781
282
40
3763
7370
17876
29166
39750
10663
15681
26180
549
941
22400
25205
3450
24029
14113
16778
220
5331
9405
4234
20071
28225
18660
27911
314
9095
36899
9722
43592
38725
11760
18519
17876
1490
13485
30006
8938
21639
22580
6586
9095
35962
28755
12231
20005
17249
16500
14301
7840
15681
11604
10036
4077
392
14821
47076
1176
12529
14113
17449
9252
23521
18503
13877
18817
23129
13172
30671
188
45473
7527
14113
11917
23207
3700
10036
35043
13172
32615
18817
15681
28482
10976
470
157
6272
3000
15681
30583
31047
11290
6899
6272
17023
188
16935
21012
6586
470
11917
16621
4704
1411
4800
9408
39201
18189
5645
3500
4328
47042
12544
4077
13172
600
18817
12287
9722
20698
251
26657
6115
4300
10036
8467
16151
18189
32910
22063
3607
314
10036
10663
31361
941
27259
800
16308
941
7527
14113
6272
3450
16778
470
13702
14834
11133
17249
8590
22894
16935
20071
1800
549
17035
157
10349
6586
17876
13900
5018
24462
30712
15822
14583
13808
157
17562
314
18826
18826
5000
2000
20071
15994
470
941
8500
29156
13900
12858
6272
47531
392
44711
3763
5018
20385
7213
10036
10117
18817
10036
627
3763
10663
392
16766
15681
4704
21953
80
6272
8781
10663
392
21169
40769
23828
13328
10976
6899
8386
17249
17000
1725
15257
314
16935
7527
7840
22000
16935
20814
18189
3450
14113
21326
549
15681
19444
10349
19444
20071
11604
10663
15681
14113
11604
15681
15825
6115
941
20005
7683
15681
35902
8624
1646
10976
19444
13172
13485
251
10663
20385
314
10349
470
3200
15500
3293
23521
10976
94
19416
20344
345
7213
29793
17249
1333
5200
19707
9408
22649
1882
17249
11000
6586
1725
13799
43714
43880
12950
15367
10349
4704
15681
15681
21326
150
5018
13485
28617
37633
18826
48610
10663
19726
470
17876
6752
32929
314
25716
5645
18817
15367
2500
17249
19601
19416
42337
15053
22580
4861
11917
40769
9408
9408
34889
5488
15681
13172
23521
14113
8097
11604
18189
188
17249
941
8154
4547
9408
19444
30800
6272
30
29166
549
5331
19130
314
39226
33243
36065
42651
2822
10663
16621
10663
11604
5959
22580
31
19757
8154
1254
18817
16452
31047
24302
35234
20698
15053
13000
150
11604
4600
16935
204
4234
32979
8500
8467
15681
26657
300
1490
16308
19579
15994
20698
12544
18817
11917
19757
9252
37564
36401
14740
9252
20385
13485
18503
330
26999
20385
21285
47
470
4265
3136
15624
40634
157
125
3763
12849
3400
7700
5018
25089
3136
10036
18189
23521
7840
15241
29006
18983
19121
220
706
3136
25089
17249
8311
40183
14740
14897
43592
8781
17876
314
23800
12701
43592
9095
11133
1568
627
29489
7683
23521
17876
10036
251
21953
5175
18240
14113
18660
25889
19130
21639
27435
7840
15994
39201
627
17562
20071
627
11604
12231
11133
27065
7840
15060
25512
4000
17562
20385
27174
10092
9252
5645
5645
8881
11770
15423
5645
23207
31988
13956
1803
392
11290
5018
23521
5802
627
6586
392
18817
14294
5331
392
37232
12231
30420
36692
17484
13500
3607
18817
3920
314
13495
30
392
20385
15994
14113
15681
15681
1725
21326
39201
600
784
24709
3000
1568
27065
1500
19757
10976
220
392
39201
9408
5959
5331
9500
20385
13799
16308
7840
27679
19757
7260
12858
10000
17249
392
17876
15530
15323
7000
14834
14069
39829
7527
34497
9722
549
24920
9408
21639
15053
6272
21953
30734
18503
42102
31047
6
17249
25089
282
10036
45734
40634
392
7213
44711
23521
37580
3293
9722
23521
251
9756
13799
14583
8800
20071
6272
12544
14113
18189
12231
15681
1019
470
17562
9879
12858
23521
3136
3450
15685
282
6586
14113
12231
20266
8938
19757
36065
5300
21739
17939
4077
300
25387
7840
3763
25089
3763
28589
549
18189
26657
1019
11447
18240
6429
7527
16935
20385
36636
1725
10976
15053
10450
15681
3000
18503
29793
5802
8000
627
12231
3920
470
3293
3607
16308
13987
13877
31245
19757
9377
27654
17876
13015
31424
25089
8781
13485
29793
16599
3607
25716
392
941
8467
11917
1882
8154
30420
45633
14426
14113
27924
20385
6743
8778
45633
19444
17876
4234
15053
17634
39201
4391
3136
19757
392
32311
8311
188
16465
4600
23521
100
14113
29793
40769
5018
22473
18346
15000
11604
16107
35344
8467
941
10506
45
10663
706
22825
4234
26030
9095
627
11177
9408
9722
10976
627
37580
31988
16778
14831
2500
7213
12858
314
784
100
45542
6743
15681
42651
282
4704
14000
2195
19130
11290
9408
4077
8000
27284
1646
6000
13485
17249
22894
17562
6895
4077
43868
16308
18817
1333
26030
29793
26657
14113
627
549
18817
15530
13172
16900
7527
11967
314
13172
37633
14740
8467
37837
20814
46414
18033
15850
6272
11290
14113
5331
9722
8311
37633
21953
32929
24273
3136
13799
7527
314
941
26657
9408
10506
13485
10381
10036
12777
10036
3136
12544
21953
22900
8781
94
35752
30734
24932
45734
25889
13150
16719
220
16621
19130
18817
27356
39829
31988
13485
706
8781
3293
20385
400
16935
8947
7840
18660
39201
862
