Price
2800
36564
13172
15053
3800
314
8624
15681
4704
14113
17186
4300
392
4861
3607
29122
23521
30734
17249
13172
21953
12858
13172
10036
10349
24004
16621
21326
44047
470
18189
34387
50
2038
12544
15367
9095
14069
7840
15524
6899
6899
16935
3293
28225
19657
34340
941
17562
18503
29793
34980
26657
21639
38000
7527
549
16935
36539
549
2000
10663
18817
24148
32929
43062
25716
17092
862
16932
5331
15681
18817
10976
41083
4234
8154
2509
784
18189
13956
470
16621
627
21492
29479
282
32302
7840
157
7527
314
37633
706
50
188
14454
43576
9408
14113
11290
22580
11099
862
19200
30734
13768
1882
19130
14113
7527
25299
11604
392
6272
7527
9092
18500
11917
16621
31524
29166
14740
90
188
2587
4234
18503
9408
15053
16599
251
4234
45376
14831
25402
8467
470
25889
20698
1019
314
2979
10036
7840
11290
26149
7213
31988
6899
14740
14426
12858
627
13485
2100
1490
392
45473
8311
8467
3607
392
21953
6272
10976
470
12074
11917
23521
392
20500
7213
862
6269
3136
15530
10036
16308
45210
706
15649
31361
10036
14426
19757
3293
11262
9252
39458
20385
2195
16621
549
6586
50
627
13485
6272
14113
6272
9095
22000
16308
8500
23521
16621
21012
23521
32412
7840
3058
15210
18189
11604
14740
22580
13799
28068
282
188
23772
22894
14113
39226
15994
10820
10349
39750
2352
7527
4391
784
31361
11760
10976
19444
8467
60
6896
5175
9700
31675
7056
19444
7840
10100
8154
7056
6600
34845
23521
14113
17249
6429
470
4861
14950
7840
5959
3000
5331
6586
40456
6272
25089
40142
1882
16838
19757
627
20266
10976
19416
251
470
44843
10036
14113
10349
12858
6429
8781
13485
7840
19601
47042
160
392
13328
16599
5959
16741
94
5018
282
5645
1411
31361
16741
22894
4800
3763
5209
15994
9408
37163
11604
27356
37633
5331
44500
10976
9408
35237
9565
15681
157
5500
22894
19500
13485
11290
18776
13799
21639
26030
314
11917
15681
10697
9722
15681
10976
25597
20385
8467
24148
8500
10976
2666
25086
38251
35438
13500
5018
14113
13150
27284
157
7213
21330
8154
5645
2430
9252
4077
10976
1490
70
15681
1882
21953
30
314
2038
17876
23521
6272
17500
4391
12858
11704
941
188
1000
28225
2666
15053
9408
13172
14740
18826
15053
14856
1490
19676
7527
37125
44542
941
8467
45633
941
22063
7056
7997
19914
14113
1646
4200
16621
20071
7840
35269
17876
19707
7840
12500
6272
2509
2000
94
5500
2500
11290
7683
10976
9095
1411
706
25089
8624
14113
14113
25089
1019
19121
28927
20385
14113
21953
14113
15681
11290
8154
24709
9198
15681
3607
14834
8781
7527
13172
20764
16621
32929
100
28830
17249
34406
11200
941
1254
15053
2430
17876
627
11133
16621
8154
3920
5642
7213
11604
1019
2117
47408
18189
706
30263
1176
44517
549
35846
17876
157
6500
17249
7919
22894
8781
21796
9252
18189
26030
5175
10976
1960
2195
10349
25089
11604
29793
26030
1646
11676
2509
39201
941
19757
11290
21031
26500
26149
11290
9565
26971
9408
42171
784
26343
13172
10036
7213
30750
11000
18688
19547
15681
40926
47042
37000
7840
10976
28225
7840
14113
21169
11000
14426
408
17249
31
15681
23521
21796
20385
18817
3293
11604
3450
27946
40142
314
41340
37125
20385
25089
13172
3293
42883
21639
16465
11917
706
8781
392
36228
14113
1725
13172
10976
1725
38574
8467
46991
470
15367
25032
15053
7527
13172
17562
1
7840
13172
21953
80
4077
7527
40456
392
8154
8624
22580
7056
157
19130
12544
1019
7840
28852
22266
32929
6899
9722
30
17249
470
2430
27065
1254
10976
37633
314
16778
13172
2300
10976
1019
4077
8467
17562
10976
43905
9722
37633
862
22580
10349
16327
34905
16750
220
26657
21103
15053
470
21009
16621
14113
15367
7840
7995
17562
10036
3136
13000
17719
5018
549
16308
12544
15994
1411
1646
43905
26030
706
706
15994
627
1176
15053
7840
5018
2430
6899
13700
941
784
10349
282
3763
44457
784
14426
9408
2587
24775
27174
36711
46919
10036
17876
4200
392
10036
10976
15681
10976
549
40
23207
43278
941
4704
7840
47042
14113
20385
125
4704
10349
6272
10976
12570
2430
21953
2430
20900
18817
16621
627
7997
1700
862
24148
10976
10349
29583
627
17562
21326
34497
14113
220
16725
27441
25299
6743
784
7700
14900
27033
392
549
282
6115
25089
22266
8200
3136
26657
10697
20385
26657
9722
125
10036
15053
5018
12000
20698
12858
32744
35124
18817
251
24148
2430
9600
25
1411
33
314
7840
18503
10663
627
941
18189
18826
15530
6837
16766
18817
23207
251
14715
29793
627
46258
14113
12544
7213
3293
6272
9722
8000
2352
12858
21639
470
30
34419
60
14740
11290
12425
4300
11290
19883
10722
1725
392
4391
10976
19657
15994
15681
38229
157
16935
22580
17249
8000
11917
9722
18240
5488
470
1882
25402
25089
157
1098
13500
27284
11917
16621
1646
33823
4200
15681
627
29075
21395
78
5018
23521
18189
10036
15681
6241
10349
9722
27911
7840
29793
706
392
1019
21953
3136
34497
15850
549
19757
16308
5018
38182
2744
39201
8311
13799
16741
6899
11604
3000
13799
23521
314
392
1803
15053
14113
3000
6272
16621
21326
18503
10036
28852
25299
11447
35438
3763
9722
4704
3293
6398
12231
17249
5175
627
29793
1568
22580
17562
5331
5811
19444
549
4391
15681
24543
30
13485
10506
50
34497
314
7213
28225
10036
23521
10036
31772
220
10192
29144
29793
20005
7997
17694
4077
18817
23301
7495
6899
20385
29793
23521
23521
220
5802
25086
10349
11917
470
26657
7840
11290
10663
1725
9408
21652
17562
2038
188
19444
44843
7213
25089
17923
13172
16621
8781
16308
1019
706
549
23235
30351
7809
23414
549
2274
15530
13953
31747
28328
28222
1725
314
19757
1568
941
9000
22894
13000
22649
18826
15681
4861
11917
19444
12544
11760
3293
314
10976
706
8000
706
8500
19757
21316
18503
4704
11300
5488
41553
10032
3100
48534
11011
9408
24543
3763
23207
5425
12000
19757
23521
26657
24148
34497
470
220
15681
8467
13172
2979
25456
19500
21639
10036
470
7840
5959
6272
29793
784
38163
12544
1333
15367
31675
12544
25004
2587
25716
188
627
4547
3450
1333
1646
12388
8467
4077
4077
14113
627
2800
5959
40889
21395
40092
11274
10349
1333
13172
8938
5620
17562
22580
13366
6429
8311
21953
5488
7213
80
392
627
42000
5959
21326
11604
7840
13172
1568
8624
4861
100
4861
20385
6899
15681
10976
16621
6272
12544
8781
9408
9408
706
220
10349
941
5175
21953
7840
17562
12544
10349
3763
3450
4234
314
40142
941
8467
15681
32929
18660
9408
11760
11917
40142
627
10976
1800
784
1568
392
14426
4704
36692
32935
4547
7300
3000
7840
16621
2038
20385
21326
21326
39201
23521
8467
5802
28225
10976
19130
3000
2700
20385
4000
8006
470
10036
14113
17562
9408
125
13338
11917
10349
26306
12544
9408
24148
11447
18817
35
29166
9408
470
4077
220
20385
28927
2666
12231
26657
706
5849
7370
16935
12544
18817
16308
24775
18189
17249
4704
862
3450
13953
20266
15053
36899
17249
23521
5488
16778
18817
15367
10036
26971
36426
28532
14740
9408
20000
8800
13172
30734
392
6586
19130
314
8467
19444
6743
19130
14426
314
470
3136
149
13962
15367
27598
5175
19757
470
7840
8781
2430
14113
9252
21075
9408
188
6800
30
1882
13589
16549
3763
13172
12700
19130
13799
5959
7840
38229
18817
1960
44517
941
3600
392
28225
3607
16621
20855
20385
38888
6429
10036
15423
28225
1098
6586
19864
8467
16621
20071
21768
12388
8700
16621
7840
13570
23834
47201
3700
13771
29087
392
784
12570
6272
12074
4861
314
1882
17876
27000
10036
13485
1490
7370
941
13768
12544
13799
392
22580
10976
8938
8467
19416
941
36065
7213
29793
18817
12231
3450
6272
7500
3058
15053
20005
20385
8467
4547
21652
13956
11133
29793
14069
19416
18500
18817
18826
392
784
7527
14740
28241
9543
549
15681
862
1019
15994
13485
20005
18817
157
14454
38016
23239
16308
28225
17249
90
19444
28852
36567
5802
314
16308
50
30596
26613
15000
15367
25089
862
4077
549
37125
1176
9252
2509
10349
37633
9408
1111
23207
19384
29479
22894
8500
12544
24462
16778
1568
314
1803
392
12544
8781
16308
627
12500
1900
41867
3763
941
11290
12231
25638
3136
6272
29793
27174
27598
7527
16308
6743
18817
27598
14740
7840
19757
6272
784
35309
4077
28830
27284
21796
251
13397
23521
941
392
18503
20385
16308
32929
15053
22580
34497
5331
19757
7056
3763
12858
19601
28100
2000
12544
16904
470
10349
10641
25512
1098
7213
38894
17876
46101
14740
17562
9095
28225
2038
9095
5968
300
9408
13485
3136
33243
5645
20385
11290
24433
10349
47669
4861
15524
31361
25000
6868
22649
43655
706
30
15681
1960
20883
16935
25716
13956
4077
46728
7213
47
20071
39201
25716
37006
17054
13642
17249
12858
17249
3450
314
9408
5018
2352
7213
470
15053
9722
706
21169
6000
37633
3450
18503
43545
42717
14897
188
9408
8778
12231
18817
15681
23834
470
8154
31361
17562
4077
3136
16935
14583
26372
39201
37633
2500
16308
10349
17405
8781
19707
470
627
941
1960
29075
47694
470
784
34497
23339
36068
16621
37633
17158
20
13956
15681
6899
7840
26030
29793
19757
12544
38894
38574
100
13589
30
32929
6899
706
26770
2650
14269
2038
19416
470
78
38251
19130
14269
16894
48610
19444
1646
15681
20855
20385
11604
6272
9095
392
13799
1411
15994
28000
18240
14113
6586
4391
11917
16308
24000
13642
392
30
188
14737
1882
34111
17876
9418
22423
7213
21326
12388
32311
3763
13485
20385
8000
14113
150
25
12858
470
5018
37580
18817
16308
44134
17249
2666
8154
15681
6115
17540
21400
700
6586
18189
15681
12544
1019
27284
25089
549
17562
2430
10976
14454
862
47042
17484
314
10000
14834
10663
5466
5331
15994
17249
4861
37498
23138
26657
29793
941
16621
18312
3607
1568
7213
26657
16960
48048
21953
6429
11290
7527
12858
2430
13642
38574
43868
9565
3607
34497
9095
3920
1333
7213
5300
11290
6586
30931
314
10976
8781
14740
36065
14113
18503
188
37125
8154
941
5018
19416
11917
26030
4547
1803
4861
627
188
14113
6899
21639
1646
15681
35269
549
18503
125
15994
9722
8154
470
470
12639
8154
20000
24148
46891
20500
16308
8467
12544
19757
282
12544
22266
9408
26030
16935
8781
20385
19384
1500
1254
784
18503
17249
3058
28909
392
5893
27093
23521
14740
14740
6899
5018
13172
18100
470
13172
21972
15681
3607
24148
392
18817
40901
25889
6523
30950
19444
15053
18503
4704
13172
14454
36235
13000
11099
18189
19002
35
43278
3450
19500
5018
19757
17249
11917
5802
627
3058
42337
1000
12500
941
627
7000
7213
11604
13799
23521
157
26149
22580
6899
15367
10036
14426
282
10036
10036
9408
5331
3763
17249
9408
26971
706
251
21953
31988
6899
16621
3763
45633
42337
9408
6899
19130
22894
14426
43868
30
28
10976
47408
27770
12231
2430
10349
4704
18000
314
9829
470
1725
2430
16894
10349
24860
4700
10976
9095
15994
157
47042
31988
23602
25089
1019
6899
6899
13485
3450
314
10976
31675
45210
16508
314
35438
10976
627
23110
42764
29166
26030
9722
24283
22580
6000
14834
7370
17249
20385
24462
470
7840
5018
29793
14269
11604
4077
314
38574
1019
8311
19757
10036
10663
7370
706
15681
14113
5488
8781
5645
1019
11917
1019
20592
706
2274
9500
28780
6899
14113
5645
18817
37633
9408
4861
13626
10349
9408
15718
4000
392
43655
16935
36068
314
17634
19281
15053
26096
12544
11604
15681
17249
549
6272
17876
470
941
21639
282
20385
7213
5018
45025
314
8467
15458
40769
16308
21326
16621
19444
314
6899
28225
17249
13485
11000
14583
18503
4391
94
22894
11290
100
50
627
43216
27105
8781
43880
16000
627
19
15994
26657
24462
21683
20300
70
5018
19296
2274
29479
4234
8154
35579
10976
188
1098
627
13485
18817
7370
14583
470
24920
25716
706
42337
28589
19757
4234
14269
45210
5645
5645
21012
16766
8467
16358
26030
29793
33556
1882
19444
12074
40983
7840
1176
23239
16308
7840
3450
10036
17249
27463
18817
4391
18189
35000
18189
314
28225
10914
6125
14113
23521
1568
21395
17249
25089
6272
784
10976
30734
1333
11447
36899
18817
24462
5018
13877
7200
11604
20385
12231
3800
31988
11604
6272
2822
11143
37633
12231
706
10036
19444
6586
24462
15367
6899
43905
43952
10036
9095
5645
19444
34419
11290
26971
24462
13231
15994
31675
21012
5331
16766
627
1411
20385
26657
16621
282
15681
23834
941
17249
7514
627
22266
19130
45473
16935
2430
100
784
23521
470
9408
2509
15681
18240
47042
24709
80
8781
20385
8467
9095
10976
10976
784
9418
22273
19444
4704
13485
14113
6586
13000
9722
20266
9095
4704
8624
46728
16621
20385
15053
2744
14113
5018
7527
4861
11917
10663
29479
3293
13172
706
29094
24775
25889
6500
30734
10506
26594
23828
8781
8467
1019
314
10976
9565
17249
4234
14834
26017
4704
31047
17876
18189
8467
36733
7213
784
6272
8154
20855
1300
17249
5800
40926
18503
282
37000
20005
28043
38574
43905
29420
14113
12544
6272
13485
2195
8500
5645
23521
8467
3500
125
23932
29094
3136
220
47989
12544
39201
9408
10349
13485
25402
28225
26528
15053
1882
470
16308
17249
42102
11290
9722
11917
35344
6272
6743
9095
8154
15367
10349
13962
7527
5645
47537
100
11604
314
15053
11290
1725
40142
20385
16621
22947
17405
40346
27284
15681
43576
22580
1568
4180
16599
20385
706
15367
5018
11133
862
43592
44849
13485
16778
14113
392
23521
50
6272
13764
17562
14740
14113
25716
220
7683
18189
3293
314
10976
5175
21326
1500
6272
13799
14500
18817
21639
31581
17249
5645
22580
6837
45473
18503
21326
1019
21000
27924
23533
17876
21326
21953
3500
20698
1019
32910
12240
22580
35617
9408
18817
10976
11917
251
5331
24415
784
25089
17249
11290
14113
12184
19707
14113
19130
11760
6586
14113
5488
5175
39201
8781
18817
6586
16308
250
7495
19369
32929
6300
2587
27654
23207
5645
43278
9408
15681
4077
16621
16621
5645
2822
10349
24000
1000
21639
10000
12544
11851
3293
4704
34811
13946
13172
18817
16308
8154
7370
7527
7683
188
35269
18660
14269
21953
282
13485
157
9565
10976
3450
10663
24462
6899
24628
11500
314
14113
47
15530
9408
10036
10036
21953
46728
110
47042
6586
392
19416
15681
5018
150
33741
14113
48610
7213
5645
15245
549
2500
12544
15681
22894
9722
9408
19800
13172
188
16935
706
15053
18481
11604
14247
16543
627
17562
7527
21000
11704
8154
32311
392
15367
14113
23521
34074
18189
28909
1098
33575
13485
8467
20266
14113
17249
19444
13799
17249
17562
22266
7840
19444
314
250
941
6743
470
1333
7213
15681
6595
11917
13771
15053
392
9408
549
26149
470
7213
10976
44533
7213
8781
25089
20071
11563
16308
15053
10976
5331
10663
22580
188
7840
26657
16549
32302
1333
7213
25716
15994
25089
1725
13172
10192
10506
19823
14426
19130
26657
470
110
21482
30085
19444
4704
32929
29793
14113
25089
627
36065
13764
5331
10036
24462
18189
8154
10000
9832
35005
11604
9722
8467
9095
18817
3920
13172
14269
1333
19130
15681
40569
14113
784
392
9000
5488
35309
16621
39891
2038
17249
15681
15681
10976
11917
17876
627
1400
941
10976
18817
38311
39226
20005
45009
9722
6272
37611
11563
14740
392
20385
17346
4861
706
14113
5331
44611
24123
7056
23834
12231
12544
20005
7213
17249
25716
12388
42551
25089
549
80
18503
8947
18503
392
19309
23433
12849
2901
9500
12858
40142
5645
5488
17663
10381
15681
11917
11604
22266
14426
41632
10000
784
11290
22248
43905
7517
17054
6272
18826
6272
8467
10663
7222
12544
14113
16590
24709
20532
14113
3763
15681
282
34811
392
43281
7840
470
21012
314
24462
10349
15367
17249
5739
44166
1098
12074
470
2744
6899
6743
94
21012
11290
1568
38894
13328
27911
3763
8467
14113
6899
11917
16621
32929
43905
13360
17500
28589
7213
314
11000
157
1254
10349
12544
21012
14113
627
13700
8154
23207
204
6899
470
36065
282
6272
220
7840
13956
10036
23521
549
47042
46414
23521
8781
784
18189
34497
7840
549
18240
10976
47757
7840
220
17249
13485
6115
3920
29774
33378
470
18817
9722
1803
37291
22580
28852
5331
41281
5018
392
13015
251
18189
470
45210
19287
627
9252
13799
4704
55
43576
9565
16800
392
12231
5018
21012
10036
12544
9095
13328
8320
20385
2274
15677
14454
31361
17249
10663
549
15053
30734
19416
19757
4234
784
18817
14081
4547
11447
200
784
24123
1019
627
34497
7840
24092
17885
5018
8467
28225
941
8781
4077
38822
16308
31675
15524
15681
25089
17249
7997
18779
20237
549
8781
1882
23521
706
14113
2274
17562
29793
35567
17245
15053
22580
4861
31
31988
14740
11604
19068
20385
3293
188
188
13015
27000
9408
45473
7213
14426
15681
5959
21953
22947
26657
8147
24148
17562
16935
21326
26971
17249
18660
9879
29504
17876
30107
15292
15367
4234
470
13799
10976
19444
11917
12544
18948
18189
5000
2901
1568
9095
37564
20817
9408
23207
13485
15681
12858
8781
10349
31361
21639
11604
16935
80
4861
3850
24775
17249
1411
9408
22580
16308
20385
40
392
1490
26475
23521
36636
627
28225
15681
8467
12544
4858
10986
627
46728
5739
33230
17484
7809
35610
12544
13600
28391
23389
20385
31988
10663
50
20250
14113
21103
41977
15681
10976
44247
6400
26030
10976
9656
15367
13485
20322
8154
2509
12544
11500
40769
37633
2038
6272
16621
7213
1019
2666
3763
15681
8151
5331
25264
15681
47
5300
20385
11917
6272
5488
4077
22894
14113
25591
784
34419
38260
7213
9722
24148
470
3763
17876
27284
42987
30107
42337
20698
13900
7840
10036
14950
8154
29793
11604
1019
16935
17249
13485
11604
41055
21326
35800
13000
16621
9408
12544
20071
6272
10036
32302
9408
18817
2509
3700
35971
43626
20005
32929
34877
14740
10976
10036
33243
470
706
14385
40769
5175
21326
32973
21012
13172
4500
9408
7527
70
5018
1098
17876
5500
7997
2274
16280
12074
27259
15132
4077
10976
36899
6272
862
28225
17876
16308
2117
7527
14294
12858
17158
27654
48202
6899
941
549
22894
2195
19757
8311
24462
314
627
33870
78
11290
470
15053
20610
314
18817
8467
18346
14740
21639
6899
31358
3
2430
706
8938
627
18817
19757
3450
35071
3136
3763
5000
23207
5959
8311
12231
15681
549
941
21639
46534
45787
27065
15681
10669
15063
15053
16308
23533
2117
18189
15035
1568
44843
20800
12231
9408
26657
15681
10663
12858
24891
470
251
8781
6899
470
706
5645
470
13877
20
33236
12544
1176
11604
15900
2038
8781
470
9408
157
6899
7213
37984
3450
27827
40769
220
549
14426
10036
18817
25716
14113
21285
470
25716
7997
549
314
6500
6899
35140
43880
7213
13297
2038
18189
13485
627
94
15837
32302
11290
8311
18817
1646
17876
43394
7527
2901
18503
9095
27284
6899
9408
26657
470
26657
43868
31211
13328
8154
1490
9095
20005
12720
34102
15060
1254
21395
47000
5000
3293
706
3136
17405
11917
17562
24775
10349
282
22843
3293
10976
12231
21953
7840
5488
44878
14113
40
21326
18503
21893
11604
1176
19823
10976
18189
30734
35752
10036
4391
10036
157
25083
18817
941
14113
549
5184
2117
24148
90
40
17719
8781
42024
2509
34889
2979
3920
1725
1333
20385
6899
11290
14740
42651
25440
18826
10036
9095
16308
94
14426
29166
17876
862
12544
16308
20071
627
392
19444
18817
862
13172
12388
14113
10976
5959
1019
17249
7840
20
8311
11290
3293
21169
392
2666
3136
7056
11604
25089
4077
3763
21326
21953
19130
15577
2352
3293
862
22894
13172
15367
9408
11290
4077
16621
282
9408
94
9408
28532
6429
16621
23772
3
36865
157
8500
31248
23521
4391
8154
16900
12858
2500
4704
9164
29793
17249
13799
2274
6115
2000
200
8154
470
8467
10976
9879
9722
18117
16621
10036
9879
18660
11290
7840
10976
23834
41397
6899
20385
5802
9408
12544
3136
14113
392
25591
784
23521
314
9408
34497
46101
18503
10349
6000
3293
14740
14746
24775
8154
14113
15681
6586
37066
7527
2038
39201
17249
8467
12560
4704
5488
48000
42965
314
15524
6272
392
17876
9408
10976
11917
16308
15681
12231
35124
31581
4000
12858
11992
5175
22567
13485
31988
34400
7997
14583
29166
19121
7527
34811
4077
16091
7840
470
314
14113
20071
7213
44752
37006
10349
21639
11917
15994
28225
17876
24775
3293
32904
15367
3450
15681
6600
48610
11604
4077
8154
14113
9252
16894
4704
11604
20297
10036
9722
11133
392
37633
1019
24462
470
15053
15994
16308
7150
13328
3500
15681
21639
15718
40092
36137
19089
314
12432
2979
13996
17876
6899
7213
1568
18660
549
11290
12544
12544
39493
14113
10976
627
12074
35344
15100
314
90
10506
15681
10976
16621
22947
19757
7840
17249
1725
5645
27174
18817
22894
12544
2500
10976
2666
8154
26657
31082
100
18189
14897
220
6429
10663
45160
11290
549
50
30
22894
44134
21639
16590
32929
18817
11290
7683
15681
15524
29489
627
10349
34811
24462
9095
19444
14113
549
42171
5175
15659
22843
8781
47982
48196
10976
15367
470
10976
9408
10036
784
30085
3136
1098
11604
9408
1098
6899
18817
392
15681
29950
706
1646
11447
10036
2352
1725
15470
31361
314
110
35
8938
18503
33870
784
13485
16621
20005
80
3293
18817
13485
9565
7840
11500
21699
42337
14426
15681
37320
5645
15053
17719
32302
157
25402
8467
706
392
28830
21639
13799
18346
314
15718
2038
470
31204
15053
29144
7213
10976
37633
9408
29479
8154
11760
1882
7840
15323
15994
13799
784
12544
188
392
11300
19444
15681
627
29636
16308
18826
18817
20385
42965
23521
30800
38737
10036
6429
19444
12074
94
314
8467
14740
7213
15681
18503
5331
21639
6586
25873
10192
2587
23700
20385
17900
23521
5018
10506
12231
7840
22894
18817
15681
19130
3136
16621
10976
9565
5331
549
34635
10036
17249
9408
21739
31361
21326
6899
4861
784
36065
36899
15994
24462
14831
47042
36065
15530
7840
16935
17876
18189
470
24462
15681
94
1646
10036
11604
21326
13485
32910
10663
8154
470
250
5331
20542
15053
46101
15367
27858
21326
28357
1646
2038
1568
8938
24709
50
20278
10036
10036
27582
34497
33556
941
13485
18245
21953
14583
4861
627
706
16900
24123
282
15994
7213
25089
22947
18240
4547
27598
8154
25763
9408
14113
5331
23521
35438
14426
10976
42218
10976
282
2352
188
4077
17249
21639
10036
8781
7997
21953
21012
43416
14113
20542
10663
862
1176
20665
1882
28539
23521
6899
9722
22894
35124
15681
42601
23521
13485
251
12600
15681
33243
10976
17562
11604
627
21012
12858
15367
11917
13799
1176
6586
7840
11917
1568
8075
30
14953
1019
38574
12544
8467
7213
16621
38574
17249
23207
10349
1333
6272
37947
22580
16151
17092
34811
7840
13172
1725
32973
9408
26657
13799
17876
22580
6743
40
9408
4234
15035
14113
9418
44003
12544
314
14269
15681
18189
30420
17876
39593
17562
19757
251
7527
23521
392
392
784
941
1176
17468
3136
706
16308
12544
3136
17876
14113
21953
10976
25089
18817
31581
12701
392
37574
13799
34811
21326
20071
5018
8154
19416
2500
12231
862
392
6586
16151
17249
314
6115
7840
4547
5134
15053
28225
2509
4547
16308
22894
14113
10349
22433
4704
3136
627
37476
13877
21796
12585
11604
6899
39201
25089
15053
706
10000
29479
14542
12231
42651
28225
24618
10036
16894
21326
11290
46414
20
10349
17923
24628
7524
8154
19613
13350
11917
12074
17249
7300
8781
22423
6272
36065
9408
25089
10976
2822
11604
48575
1490
40769
2901
17249
25089
10036
470
549
17719
18503
12858
8781
1176
10976
5959
470
3450
3920
25440
32302
1882
30
9700
48610
26343
9252
5018
14799
32302
706
2666
20149
2600
20385
13172
8938
7213
706
7527
11800
42692
23521
5959
862
47038
10036
7213
6611
6429
18826
21953
392
220
941
188
25274
22580
22894
7840
14279
314
1176
34497
3500
15681
17038
5893
549
3763
44846
392
3058
10986
9879
1725
18760
7370
8643
20385
18503
42102
17719
15500
188
784
30185
13739
314
19130
784
941
36567
16935
157
941
21950
13485
13350
39201
30517
17249
27284
13172
15053
14740
26927
6899
31988
13956
13172
706
6429
7370
27598
1646
11604
13328
5959
4547
392
2666
9722
12858
18817
8781
26657
15053
12858
4234
9500
7500
12000
3607
220
784
21953
32929
17876
5331
26657
32929
1019
33409
6981
32615
17876
42692
3293
7997
10349
35124
21326
7840
22894
10506
8467
314
16935
549
1254
8154
31
549
3293
29793
37633
16308
15681
45160
3293
12544
21953
6586
13739
15681
30
25889
35846
35
22894
1646
7997
627
4077
94
18817
470
19444
17948
11400
21953
314
7279
11604
11563
16543
13000
15367
18817
5802
40057
8154
282
4391
11447
22894
6899
6272
627
2274
19444
19946
39066
282
7840
36065
784
1568
3293
13808
6272
941
8154
549
90
10349
2900
17249
2509
28391
6586
38445
35617
19416
2822
157
15681
5959
15612
862
47
5488
18189
7840
25716
36231
392
392
3136
23207
20385
34240
20385
3763
8154
470
9879
16621
32929
34497
12544
20071
21953
282
34
2979
549
9565
5018
7527
23521
5488
12544
470
24775
21953
13956
28830
5645
7997
15367
1700
15210
28225
33908
14113
2822
22580
9408
10506
941
549
15681
19400
3763
10192
1411
3800
9377
14113
42987
48277
20500
9095
21326
39559
2700
4861
15994
19757
18817
14113
36711
13328
25889
11917
16621
12231
6586
19306
1333
22549
47042
38580
6586
862
862
16308
3763
26720
1646
251
862
5488
941
25716
11290
470
3450
12544
3763
11290
862
11133
11133
12388
941
470
20385
392
392
5645
8781
12388
18189
19757
8154
10000
13172
11917
21796
706
180
14269
20071
12544
470
3607
157
282
6586
627
39201
7056
7213
19914
16621
24775
7370
10820
37633
19579
188
14583
10976
70
39750
22502
12701
25716
5200
17249
17562
9938
1646
28608
17500
24775
12858
37633
11604
3293
3450
7828
19130
21009
1882
30734
19444
19914
9408
31361
2822
1646
12544
7840
16935
10973
6899
1350
4234
12544
45633
862
42218
18817
44134
1725
8781
21181
28241
1019
3500
28909
8097
10663
22580
17158
39201
6586
7840
251
1019
15000
27284
392
251
6272
43905
7213
3450
17249
314
549
2822
470
11917
4861
17562
11760
18817
314
5645
20266
3763
941
12544
19757
9408
24462
20385
6743
23834
10976
282
7840
33556
25365
8467
7500
21326
23521
9879
16000
6586
21012
11917
314
4704
25926
12544
2800
31675
94
40
17346
17562
15681
21639
1725
12600
1882
21012
11917
7213
18817
35902
7840
1019
15994
7527
29166
26180
9722
21950
33500
4861
5959
39750
19444
8467
44213
9879
27911
21639
5645
470
6586
3450
15994
10036
6000
18826
549
282
48108
14426
44542
314
15524
15132
19482
6586
45473
188
12231
110
31361
220
6272
21012
9722
37633
7840
5802
25089
10976
12544
30
3450
19030
3
15053
314
17876
21062
4359
3763
17663
16621
17249
5300
11917
549
27889
5645
8467
10036
21326
18500
13495
16621
16621
29163
1098
18973
2666
40142
549
9408
22357
47042
80
20385
10349
44247
12720
19121
170
627
28789
16443
30
13485
470
20883
94
45473
15681
3058
