Price
38574
7213
16621
15681
25089
27284
18817
1019
862
20385
251
20266
110
11447
32929
30577
2822
19121
1490
9408
12544
100
13799
35438
11604
26657
7370
4704
3500
17562
40769
10515
11604
19444
51746
29793
24775
1019
21326
37066
3058
29777
3293
19444
21796
10976
12544
25
16935
17562
392
7840
19456
24462
45473
30734
10349
706
175622
3293
1646
30420
1646
18817
862
470
15053
14113
470
9408
2901
30750
470
2430
288521
4077
706
13172
13172
706
2587
17885
1882
9408
627
27755
1333
38562
17942
6272
21953
21953
25299
14113
9095
10192
30734
26030
941
2274
8154
29793
16559
8781
13799
15323
13485
12231
21326
21639
22580
57902
1098
125
220
3293
706
5645
4547
22580
314
9252
34340
157
14740
314
33243
40769
15053
3763
8386
23436
188
15053
15053
7840
17876
13172
7175
32744
3607
314
2352
2200
2509
251
25089
42000
41883
42337
20005
41397
61154
2038
7840
15681
23521
44247
16308
1725
10663
10036
26657
20385
4547
314
14113
3450
65858
3136
24433
16308
7527
100
37633
48296
15681
627
76029
60
392
5331
25597
5802
16308
8311
7997
31361
22580
45160
8467
26657
15681
1803
470
22357
7997
40769
5893
3000
250
1333
199
3293
15681
18826
10036
25591
3763
13328
22580
18817
18503
11290
4704
15035
11917
12544
53154
12544
18240
6272
12544
26657
8781
3763
11917
10976
18503
3000
50178
314
2430
17249
45473
5018
27911
22423
1960
10976
11604
18503
7840
21953
549
94
14831
1646
22580
16621
25716
36065
5802
49751
45000
23408
470
282
18817
18817
1098
13172
15612
50
12544
7213
11290
15994
8467
31361
21953
46101
11760
314
10976
27065
10036
43062
220
18817
14834
20005
11917
9565
5883
41811
43868
862
7997
25243
282
3450
8154
251
21953
9408
5466
6909
21953
28225
11895
7840
6272
29793
25089
37066
23364
36219
4704
23414
100
18240
14897
39201
19184
22266
10976
36000
42717
1254
12074
15367
26343
21953
10976
11760
25591
10976
1019
7213
13172
10349
21953
10036
9722
2901
12074
10976
62095
147397
941
15367
24283
52059
1568
800
15681
19761
18660
19444
46728
13485
31361
3136
19243
10976
4234
10036
5959
16621
3450
25889
109764
110
49864
1882
7997
4547
15681
14113
2744
33230
4234
5488
15988
4701
3700
110
31248
4547
9408
2195
6899
4077
12544
5331
35168
5802
3763
21953
627
17249
19121
4861
20385
26017
12858
12585
17249
3763
8311
17876
14113
12000
9722
8781
10036
23207
25089
17562
15530
17092
17562
1333
470
2509
8467
282
2200
314
50805
6275
6586
251
8781
2100
29793
7213
6899
9377
5645
16621
47694
250
17876
2800
5331
23521
6
52357
25889
18240
12858
31220
3293
1725
549
13328
941
36068
100
29793
13172
47810
15053
862
11917
3000
19089
23678
25591
39201
16599
20000
21639
9408
39829
706
1568
1000
5488
19707
11917
11992
60
706
11604
706
3136
19444
83107
23521
18817
58172
18817
68994
8000
8467
24148
36065
15994
2430
36567
20592
7840
1960
26030
11274
51746
15053
5328
9832
10506
14740
34387
14583
9408
4704
68681
21639
19121
2352
15367
8781
9408
14834
470
21395
11917
15367
549
8467
11760
18503
4234
4861
22894
3607
3450
4077
4861
16935
2430
9408
392
21326
18817
29166
1725
17158
28225
13350
862
7213
42601
30734
10976
9832
20385
24433
27284
9565
18660
4704
24123
20385
627
3607
31421
12544
1568
40456
13799
8781
20005
22266
15681
17249
30734
24775
282
21683
2979
13172
23834
5018
6500
8154
45210
314
9408
11290
6600
36899
32035
3763
1019
25089
42369
3763
26657
52373
18817
39201
69810
7840
14583
35000
24932
4737
12858
30
2195
15483
17562
11604
18189
5645
5018
8938
627
10036
141124
47076
72130
345
15053
10036
16621
4547
10663
5802
9408
79782
1960
3450
61894
17484
10663
21012
40092
1600
13485
23834
21000
9543
48296
22580
706
5000
30712
5645
314
2509
15210
7527
35
18500
314
17876
17227
24148
10036
2666
18817
19757
12777
16935
314
10976
3450
9565
20000
549
34811
22580
18189
16621
9722
24415
18817
6500
15994
14834
12544
36899
15053
9408
1500
53314
17249
12388
8947
25810
111332
22894
9095
23207
31
69935
12544
21181
14583
17876
188
14740
1019
36166
40
16308
5018
15681
23521
188
8781
81539
7370
12231
4500
157
28909
7840
21639
100355
1098
9879
15994
7495
11604
19312
5488
21326
3450
10976
42337
15063
49259
15681
40769
62722
35
7700
5018
13013
19757
5645
16621
941
8781
9408
5959
12544
392
706
16308
19914
28
5018
6586
26343
2038
9095
8154
87811
12544
69935
21326
16618
627
3293
65858
5645
3763
53154
56340
470
17158
80
7809
20005
9565
21181
15367
15053
29479
13172
188
10349
28789
18124
15681
18189
5645
3450
9722
125
5018
2509
1882
15994
12544
16621
25889
6272
19707
15994
12231
19757
42171
5018
706
17249
31361
1882
31988
706
12388
784
314
19914
22580
7213
5488
11604
12858
470
627
3450
17054
13322
24462
36065
2509
3
27911
7213
11604
34905
900
12544
314
5959
21326
9408
4704
7527
470
13328
6272
5959
13172
17249
11917
6586
31988
8781
10036
15053
1333
14294
3763
2038
17876
2509
5645
42337
18660
9095
21639
16308
220
10976
33243
3763
26657
17562
25089
9408
3763
40769
10976
941
12544
392
37580
2509
314
12231
1700
22934
8154
784
10192
3450
157
10036
20532
25
470
20385
10976
6752
39026
5018
14906
17249
11917
5488
8154
13589
15681
28015
17562
20855
10349
5488
4234
1176
4704
24123
7527
6899
549
16621
627
41397
2979
3607
25089
20266
19416
41701
31
12720
39578
627
13485
8938
12858
2744
9400
5645
15988
40142
9408
52959
706
16621
35124
18817
18817
66197
17249
32929
10506
21953
21326
11760
1019
1568
9408
10036
18503
3800
19864
3136
37633
5018
35
37580
15367
13799
7213
23994
17035
16308
22580
16308
10663
7683
50861
31047
7213
941
13589
12000
24462
8467
9879
18817
19444
14583
50
282
35557
7213
19823
17719
15681
7683
9408
29793
24628
13172
13172
50178
75266
13184
26657
12544
5018
20385
26149
20005
16010
12544
470
12720
43868
163077
5802
7213
16621
15053
8154
12027
39201
24302
34108
22894
10506
38609
30
12858
13485
17054
11563
4234
35005
40
11604
19444
14269
19444
4704
1725
18189
7840
6272
7840
4000
24386
470
1568
45473
17249
6000
14113
34497
470
38260
13877
20322
40142
157
16935
62722
18817
15681
10192
1568
44134
118676
11133
14113
157
9408
16753
10000
549
14269
60
6272
8781
6586
17249
43143
13172
549
27284
7840
9408
13065
39458
392
18189
119172
19130
19444
20698
29420
15053
19309
14426
3607
14113
6899
300
55823
38609
18660
16308
29094
1568
12231
8781
470
3920
9095
28909
22580
11917
21639
5959
5018
784
706
392
21805
13172
18189
19416
24148
8154
65858
14113
18189
11917
627
41281
41710
15681
6272
87927
21953
30734
28539
220
392
9722
14069
10976
7840
20385
19130
5018
43880
18817
4861
54568
941
12425
4704
2300
9095
14113
3450
392
42692
52059
600
53185
862
24775
3450
11917
36065
29793
13172
56513
12544
5802
26030
4701
42692
10976
314
59827
784
43655
21012
49431
4861
11604
16621
2822
13799
5488
15524
300
28225
11604
14426
19601
19130
19726
5645
42651
45787
627
16935
13877
4861
10976
8624
15718
22580
120
7683
1333
10663
22332
1803
549
27924
15053
14834
16480
17719
2430
7213
47
4077
7840
16935
41547
21950
18189
627
2822
314
706
15524
5018
16308
32035
9879
8154
7527
18189
18500
150
10192
4391
40092
3763
21953
39226
52034
51075
16500
157
627
16549
28225
549
11290
627
1646
16960
100
20385
16621
6586
188
17876
12184
26927
18817
16766
12231
20385
4704
8781
627
32929
21893
4704
39201
18817
1019
13485
12548
14740
157
13172
23104
10976
7056
24775
10976
4861
7213
20846
23301
27654
14426
9722
26475
4234
40142
20526
10036
120
26971
13987
392
9408
8467
17876
2437
6586
22894
27598
141124
59586
706
10349
16308
96071
30
22649
20385
25716
47
12231
94
2587
15681
15053
20385
14740
10036
38000
3607
10036
17249
17942
14113
9418
11917
9722
3293
17405
26657
36065
1019
41886
23521
18503
16308
35124
3293
17249
941
4704
15681
12544
5018
19444
2587
18814
14740
21410
7213
7213
31361
66485
38260
4391
10506
10349
706
8781
71817
37633
18817
65052
8311
470
19121
27654
549
9600
56450
172486
13900
11917
5959
12544
19757
29793
25089
282
72130
20385
42717
45210
15681
13485
6115
19130
46728
16935
33500
220
10660
6586
36834
54255
38400
21953
314
25591
14454
2822
47042
13015
38888
18500
55638
78403
34497
5331
54393
314
39201
784
31
36065
784
10349
1019
20071
706
4077
114468
15681
19757
46101
18189
5959
706
39085
21953
37633
8467
220
8500
941
9095
17249
18817
862
37125
314
4234
24148
14113
2430
25
30151
862
14113
63976
862
47042
4234
12544
30784
282
15681
15053
18000
49751
10349
6600
12858
157
10976
110
16308
16621
14426
27924
2000
10976
18503
68144
314
16308
9408
1882
46728
9722
9252
13093
11227
23521
16465
470
14426
14069
1176
37633
32615
34102
50
10036
7370
13799
7840
4500
19444
85702
15994
7840
9722
10976
5300
13799
392
11917
2274
20372
15718
10349
11886
5331
56509
11604
3607
19130
9408
48202
627
25089
2117
392
51802
58971
5488
20266
16308
13799
19444
18240
14834
7213
21953
19757
392
7213
14113
15367
10976
35338
59464
314
2000
15367
27284
16621
11447
15681
12544
13485
13953
12231
15837
15681
1098
24148
39891
627
18503
23060
10349
15125
4077
8154
706
62408
7150
45633
5488
24148
2901
6899
21326
7997
6800
2587
13485
40
12134
33243
157
18000
25000
12544
35269
314
37633
6586
10349
14740
188
10036
8311
24462
4861
23207
14229
13172
38445
21285
9252
784
11604
470
32929
10036
16621
14740
11447
18240
7260
21636
220
3136
157
3700
941
23436
549
28225
14113
10697
16621
9408
12083
14113
7370
392
14740
90006
34387
45473
125
37574
50526
19444
28100
1176
8634
21940
1019
95651
16308
16308
22197
18346
18817
11290
65858
13658
17876
4704
37580
15681
9408
21326
2979
4547
31361
14113
18817
5645
19676
14740
22580
21639
36065
941
282
29793
5175
42764
13642
21639
10036
30351
15530
16308
20385
188
10036
8781
5175
13946
3136
26030
32973
220
55509
862
3293
27259
6272
13172
470
17553
15612
24596
31
39201
11917
8781
549
23521
392
15257
12544
27889
59586
24775
188
941
157
12544
14113
7527
19914
2509
4234
5018
20385
3293
47408
314
9252
12388
7683
50805
2195
7840
4547
24775
12777
24000
16308
7370
706
27065
17249
21326
392
15681
14740
21181
10036
38580
11000
4077
8154
10976
220
18817
44043
6586
9879
21326
392
51118
9832
27911
23521
6429
26770
34406
10092
45825
21953
1411
19444
35808
77775
15681
8467
470
10976
47042
14740
15681
36065
10663
14113
51746
11563
5018
470
10663
17249
50178
5488
21012
59313
34497
7683
22580
30517
8311
35908
10349
27190
14426
17249
7213
6981
40362
1568
19726
24148
34240
20855
11760
64290
30063
17923
15053
3900
14740
14426
1254
9408
13172
10349
13172
11290
27911
11290
2117
65
7840
784
157
392
19444
5802
7840
16621
19757
11604
23521
18817
30734
16621
11917
17562
627
7683
7840
11917
18189
15681
56136
40889
32377
2430
784
18500
4547
17900
10663
37633
10976
40769
25299
20883
549
17562
784
24123
9879
18189
1000
392
17249
27946
40340
19757
18973
9408
3136
34497
17876
27284
3136
6272
36379
4704
26657
15681
62948
15681
11917
2038
67426
27284
14269
51746
54186
5488
24891
32302
20385
21950
7683
10976
13172
19601
2430
15367
17876
12544
27284
1960
13877
13771
862
81808
35046
13476
21953
29777
1882
627
314
22197
25089
188
11133
4704
11604
200
21181
38574
392
7840
22580
17249
20385
13000
549
31211
10976
31797
4704
392
62697
8000
53154
5018
7527
11133
6586
17876
24415
47669
12701
100
1098
5018
14740
11964
157
1490
19657
8467
12544
7997
40
941
549
282
50178
10976
8467
35438
12231
39201
20068
27598
14113
18033
5018
7840
24458
10976
45633
188
100060
549
40556
19444
17249
12529
10349
49143
16308
14113
5018
18817
4861
18240
7524
12544
14113
21937
1803
15681
188
16621
23521
43655
9408
16308
13796
8154
13485
9565
15681
27654
2979
14966
9408
13328
22649
34497
15053
9252
41400
392
157
10349
10976
16308
549
69
16621
4077
34811
1254
2901
11447
3700
11917
22266
25032
1882
21953
26149
7053
15681
14113
8947
392
24462
6272
8000
81539
251
3450
157
20385
20385
40769
14426
19000
18616
22580
706
20071
3700
4632
16308
1254
14740
25716
9565
18503
1019
18817
10349
120
21395
17249
2587
15681
35438
40983
13485
53000
16935
10349
25
16935
706
941
15681
9565
10349
5865
35043
6115
30583
27911
34500
13172
2195
21330
12544
18189
220
5488
10000
41281
45633
3136
188
7056
15681
34074
61286
8467
1098
22894
7840
2038
19757
392
14426
1646
4980
15053
15681
16621
7527
706
13328
28225
46919
6429
94
18189
7527
2195
9879
40769
3136
13328
11290
12849
941
44752
5488
6586
25089
8154
17876
17249
16621
18817
28059
9095
61499
41710
3763
9722
10976
2587
26030
6899
8985
17092
33870
20385
39201
44865
470
706
15681
3450
55195
5959
26657
282
5331
16308
15200
43128
19883
125
1646
7840
7840
30
862
30734
9408
2587
18117
50341
30
58579
57961
56450
125
392
9722
470
21953
27259
16618
392
862
53188
7056
38016
2038
10349
19121
36711
11290
11917
23433
14900
36564
23521
4077
392
392
35570
20385
53872
784
314
25089
9252
20385
1176
14426
27598
59837
9565
14113
9252
8781
862
3800
9408
51746
17876
5959
470
1098
20071
8781
21326
21953
21953
1019
16621
9722
4077
21953
19130
12231
7840
17249
46728
27284
18817
8467
4704
26030
7213
9722
20385
21326
39603
22357
4936
14113
15245
14740
59464
42337
1176
5959
38731
31361
220
6272
18189
27435
627
9408
13172
38311
13184
19416
12388
70
862
34497
8311
7683
24433
16621
10036
50
17249
44247
60
470
18817
30734
18817
20385
9565
13485
188
47076
12858
282
220
3763
7527
18029
251
16935
470
45872
6899
15677
7683
29793
25402
16894
73313
10036
13485
2038
5331
28225
25264
10036
17249
15458
25299
14426
36231
8154
2600
9364
6899
12388
11299
10976
8467
12231
1490
5645
7213
18817
15423
10976
26030
15367
19757
11917
9000
314
6429
15681
15681
1646
11415
25
23521
85553
51191
13799
314
24618
941
11290
5018
220
43592
282
14583
16138
14884
36485
2430
15367
17249
13328
8500
7997
17813
5645
14269
862
11133
11604
392
18092
14740
41710
18189
10663
627
30251
8938
10663
7213
22266
20385
11851
17876
20488
50008
7213
21768
21009
314
36065
549
200
8781
8467
1490
48998
34340
12500
55823
26033
1882
188
10349
12701
14740
35124
3136
19030
6500
17249
251
2901
3058
30734
1098
10349
23521
1882
9879
32945
17305
62722
46728
40769
14426
25591
706
32929
3450
941
627
53420
3450
10663
37066
7683
7997
22580
29006
4704
470
39559
549
26814
39750
32311
23521
627
7840
6586
10500
4861
9252
21639
36401
12544
17844
28225
35124
40000
314
10976
30351
14113
19416
12544
3058
11917
3920
20918
862
251
131716
7464
6899
627
15367
21796
98066
5802
1803
470
627
4704
1725
6586
470
17562
5018
18503
54186
41281
392
3763
10663
20698
4077
5300
18817
17249
15132
35570
1490
13799
21953
1882
49058
5018
25716
157
11290
4234
80
11604
46101
48534
12700
30200
1411
314
8624
27654
34497
17484
22580
10663
19287
29793
16500
12544
37301
20385
49751
23207
5018
29793
11917
20005
69935
37476
16621
20071
18817
13360
11604
4234
9252
20005
30
15053
7840
5488
70562
8467
7213
2666
10036
7527
16621
3136
14269
22715
16935
21953
7495
2666
22843
1568
23521
3136
49751
16308
392
19130
26657
7840
12544
21012
13172
10976
3
5331
13297
26971
24029
78403
78
3293
9252
16960
21326
26030
392
16621
18817
470
4077
15612
18647
32615
21326
12858
39201
627
21012
784
706
2195
706
7997
9408
16741
7527
8467
53000
6272
100355
34419
392
14113
15053
17249
31361
8467
15681
10976
24462
392
12858
4077
18189
12720
16308
157
78403
18503
21442
188
10820
627
47042
9879
103491
16308
10192
32744
10976
31047
25
81539
21012
11133
12544
5018
4391
31424
13172
29323
10976
34240
19757
33236
19914
2274
5331
3920
15000
392
38063
10349
17876
9198
706
11000
220
40
22266
9408
15847
392
71503
314
13172
34808
27911
17240
19444
15053
19444
20071
14426
12544
20385
13485
6272
8154
69935
39829
52034
38016
29166
7517
27921
56136
44862
9722
10976
8154
18817
11917
5331
3136
5927
9252
6611
549
14113
15681
8154
16621
18817
6899
1019
4704
27284
7370
14000
25089
17562
11917
188
18817
23521
18826
59834
44878
188
314
7495
15100
13799
7213
6743
15681
29793
31988
470
20385
19130
7213
22545
549
17249
14831
14113
20000
15367
9722
15458
125500
7840
32274
106627
1333
8467
40142
4200
23521
6899
314
6272
8781
35269
16621
12544
9408
392
5802
11604
9408
9408
43278
20592
27284
10406
4861
12231
11992
17942
6743
20500
31358
15053
25387
8467
40
50037
38445
7213
549
32929
11290
41811
314
188
14740
2300
23129
8467
20789
12074
23204
941
29793
19130
7997
21326
42544
12544
18033
20071
2509
12676
220
13172
42538
10976
7213
22549
32929
16308
1568
57607
51689
8075
22894
14583
3136
1568
10663
17249
20385
14740
15681
784
16621
116036
784
13328
7527
4861
13900
4077
1960
43905
12544
18211
10349
19974
65
14583
8781
9092
5018
11604
2195
23521
29793
8154
17249
862
72130
24462
784
11604
2430
22273
862
7840
36968
6743
90
13764
7527
18346
2600
14897
27065
17249
6272
15530
7840
14426
7997
7527
42717
470
16308
12880
8467
11604
314
34497
12858
15681
21326
153669
1803
314
10036
11290
18189
6899
6586
4077
37633
29777
20385
14113
5331
18826
7840
17249
18660
8781
15053
17562
47982
11917
4391
549
43592
98787
17249
14583
23834
16590
80000
23521
14426
627
31361
25456
9408
19707
4234
314
40045
13485
9408
2979
8154
31772
26108
5488
23207
17719
26657
8800
18189
2509
16935
11290
16621
3763
16894
12231
18817
15053
22580
62722
8467
18817
3763
14897
7213
13297
21326
627
6899
18660
3800
18503
14740
3763
39829
14113
7997
7213
25716
25716
784
19444
314
941
14113
9722
19601
7527
8467
314
40
27174
37580
21639
10349
314
25591
11851
35344
18814
14113
706
18817
2587
10506
12950
1646
5331
15367
549
16000
8154
6269
10349
9722
15367
1019
10976
29793
28225
50805
31047
4704
10036
37633
3450
32302
21953
21953
862
17942
157
34980
10036
200
627
10976
7840
18189
9722
4861
1568
3450
43592
30
60897
54568
17562
18817
29793
10976
26500
314
9408
10976
20266
44134
25729
72758
17249
15053
8781
40471
12083
549
25591
10976
19444
7527
348
41387
9565
6743
17249
30420
28539
470
23687
11604
20385
21103
9000
19800
251
2822
12231
38260
21953
31361
9095
7840
314
4704
47217
26306
12231
35438
784
34108
35617
150
5865
22502
22580
17876
15000
45160
24148
8963
31361
15900
6115
29793
1882
470
7056
100
7700
57108
8467
30734
7213
21639
5802
68994
18189
30326
35846
9408
18817
14426
17249
11290
5018
21326
784
19444
21950
4547
42880
23834
86243
470
941
6429
12100
1176
4500
16935
78403
16264
25089
16935
22266
16621
15257
12287
1568
23207
627
32311
100355
26030
17923
23408
5500
65015
314
8800
13799
12858
17562
15994
15053
6429
35800
13799
18503
8311
18033
470
21395
862
5200
22894
2666
9000
4500
38894
15681
16500
17876
12544
282
32578
37633
627
132971
19384
1568
204
15200
26971
34572
15577
549
29793
27284
13000
2509
20385
13485
26657
13172
30734
23521
9722
7997
4704
2300
22580
18503
7840
39201
20385
1019
1900
11133
25089
941
10976
26262
2500
31524
862
17663
15994
65040
15718
6429
18660
14113
3600
5645
392
4861
29586
20005
18503
45
18817
125
6272
188
19444
10036
20814
15681
16308
31581
7527
470
251
39797
25591
136420
10976
16151
24148
54568
26491
42218
26814
16935
18531
25089
4861
6586
11604
12544
350
26030
706
16308
314
7527
8154
1882
19757
14269
20385
314
706
17249
10036
25716
5175
80
11400
1098
40092
13172
7056
8781
14113
3763
13642
47537
24775
19601
27598
26030
157
25089
157
20500
27654
27425
13799
33556
157
22580
22473
12858
4861
9722
2666
8881
14269
39559
1803
7840
14113
220
40390
16308
18503
8938
19613
11290
6272
16891
11290
9408
45210
17562
706
706
9408
8154
6595
21953
35403
17562
10976
11917
188
220
4704
2500
13956
12544
470
31047
38063
78
75793
12432
2352
31361
35124
8781
6586
15681
8006
12074
71503
42337
42965
10349
43905
53282
470
45734
12544
5645
13739
627
16766
27065
19130
14166
4077
45473
6586
8781
13589
12544
13564
10663
44843
13485
14897
9408
15950
9408
549
58018
48108
19757
100
8467
314
17249
23521
14113
10820
1960
1019
392
13485
19914
16308
45342
392
392
36065
12544
627
941
2000
2274
10036
220
14115
18817
22947
8467
17249
9408
34845
13799
15245
549
20698
43394
76835
7683
12544
784
9252
18817
27654
50
4500
43360
5645
15681
11604
22580
16621
18817
30
470
14113
117604
9000
4391
18817
6899
30734
10349
21326
2822
19130
15053
17562
16621
43576
470
188
15681
17249
23521
40769
114468
39201
52959
1882
44846
2666
14269
38445
314
13799
15367
27598
13172
21442
130
3293
549
1803
19444
4704
25089
25089
13485
14113
47042
23521
13485
282
6583
28921
43905
1019
16621
94083
18817
26971
6743
16935
19121
9408
6429
12858
8500
10036
39201
24148
157
12880
19444
10976
11917
47512
14113
56450
13485
42337
3000
19657
21326
14113
13015
3763
1725
12849
53031
15994
6586
10349
4391
109764
17249
11604
49550
18189
4800
7527
17000
13172
5488
25089
23521
1646
627
23207
3607
17562
20491
22894
188
5645
12231
5959
1490
9164
26030
45160
21953
10036
16935
1176
14113
7213
23521
24462
2500
38975
10349
16621
10036
5500
33243
2744
15681
17562
2195
2700
47038
44843
4077
6241
16778
35269
43592
7840
254024
12388
48610
11992
23521
14113
4077
1882
73071
39201
6586
13172
282
549
392
46728
19757
314
6899
10976
12544
11604
5645
4000
5500
11848
1411
8624
40
1333
11604
15063
61521
12544
14586
24148
392
9722
7213
1098
3763
31581
39750
9722
20385
10036
61154
23834
6899
43000
13178
50
35567
314
62722
54568
8467
188
19757
42692
941
21012
25889
2300
53154
9252
10036
13799
314
12000
43905
10036
1568
18189
59006
10976
18817
55230
11133
36197
5000
282
157
14426
9700
14113
39201
3293
8467
5018
29793
37006
9722
17249
25139
4265
37799
392
20385
314
20855
15681
6272
11917
21953
11133
60
7527
29793
26657
13877
10036
862
47042
220
27284
21326
14113
3763
13000
9408
16750
470
11917
14426
15521
11917
33086
4077
20385
549
16308
17249
12858
52059
7850
64290
13172
14740
392
6272
12231
16308
29094
1725
29793
7213
5331
10976
9408
2195
706
7840
13172
157
20385
4077
251
13500
1350
28852
17562
16894
862
9722
15681
17876
9252
7840
23521
35309
37633
16621
13956
12544
5959
6429
13485
27441
11604
4861
1882
50
24462
21900
8781
1646
15530
52106
20385
39201
9095
3920
34811
15681
45633
6000
9408
18817
24462
12388
61471
17249
4077
5739
15367
17500
12256
44247
2666
28222
23521
2901
6586
25
14269
43576
21012
12544
5000
1490
40456
64290
13000
35124
80651
11604
57428
24000
54568
17876
16286
21012
25716
3450
19757
6743
8467
17346
5500
15053
19130
18503
12544
392
31361
1254
40901
44843
15991
400
56509
3136
549
21326
8154
1000
7527
627
19930
8781
1568
21953
7370
1098
30891
15132
12544
12544
1098
10976
22649
26657
4077
34635
251
19416
46414
19444
7527
8781
13172
31361
32311
42024
392
2901
12544
3058
7840
470
44247
1490
25089
25744
20385
19121
8500
47669
56121
15681
10349
30
29504
42651
21639
11604
3920
12231
784
1960
16151
33243
10000
47042
7840
9408
6899
8781
22580
18826
23994
15681
18503
10036
7683
549
1803
2822
42965
11760
5645
5959
3136
51517
12231
10976
13877
282
36065
2038
28539
50
314
1646
44846
14740
26657
8781
12544
8938
28225
22580
48610
5331
9252
3763
15053
1019
3763
18817
5488
9722
26657
13877
78403
3450
30
36711
19071
18531
16308
40142
40769
5645
13485
8781
38157
862
10663
13172
15994
54458
19757
941
706
1333
12544
125
627
14113
29479
7840
16778
36997
5000
35617
3136
28225
3920
18817
3293
22000
784
26657
11274
282
18817
10349
18817
11917
7370
54882
18000
549
706
10349
3450
13485
28328
784
33908
17158
19416
1098
49751
12000
20005
5175
17249
4234
27598
22266
3920
11604
11917
1568
13172
15681
5645
9095
11666
1882
21326
46728
38574
9722
862
8781
19444
62722
13172
20385
8781
25402
103491
29094
15681
17876
18189
32393
25744
36065
2744
9408
21326
7840
34500
6586
9095
29489
94
11917
4704
20228
40769
30734
24462
23772
549
4704
15681
17562
6895
13877
34497
14113
24148
32929
34811
5175
18189
188
941
7213
3293
3800
47
20071
33500
23834
7840
65024
4500
21639
10036
19757
17249
2587
26030
53941
3920
23207
13423
1568
13172
42692
11133
3293
18817
10976
24462
4700
30734
21953
7840
42337
80
12544
16935
21012
45436
43655
28000
11760
50030
59504
11133
13172
1333
90
31047
1019
3607
314
18817
11604
29793
1882
10663
12544
18900
52856
10036
41193
470
8467
862
14740
31361
10976
10349
392
8311
13485
470
56450
22894
10349
25000
22580
13485
9722
22580
314
6586
1960
14740
4234
12544
21395
9722
19757
7370
43278
9565
9565
7997
16935
17249
19306
30931
10663
25889
28482
26971
18189
19444
1725
32929
22580
627
4077
1803
9722
10663
2901
17876
157
14113
862
34184
2038
5018
6272
23207
10349
3293
627
12544
17000
22894
9408
60840
13000
6586
47694
4861
10349
10036
10349
29075
9722
9095
3763
52696
13764
7527
24775
8386
2274
13600
282
12544
19121
29793
5802
706
12544
19444
13172
19287
57990
24462
19444
51746
25264
8000
16308
6899
14740
32245
24462
52991
43278
3450
25299
7213
470
706
21953
7213
32578
8154
10036
9408
17876
29793
1568
24462
44752
392
18817
37633
5175
16778
31988
784
5802
16004
48296
6899
14740
30
10036
784
4861
27000
33707
549
11917
34497
13172
6272
31449
111002
24123
23935
2500
13485
2000
549
43905
1646
36539
50560
41917
16480
42557
392
5175
24462
8154
39201
15994
22894
17405
13485
220
4861
21000
11290
26644
37000
16123
4077
19130
20698
1176
12544
24148
314
8154
55638
14113
28438
9408
18817
2500
13172
45633
131716
7213
49165
862
17876
13771
30085
20266
11604
13485
23207
4861
38060
21326
4547
8500
35
10349
17562
4077
627
12544
4500
11133
470
1500
7213
1019
64002
3920
16333
39201
1646
136000
14426
5645
18817
25089
1254
53872
58018
5018
8624
35071
10349
14269
627
14113
9095
14426
188
2600
6272
15367
784
7840
15053
7527
25889
41710
549
23207
6896
9095
19287
1176
23521
29793
4547
15367
5331
55932
16621
19613
40142
627
12544
4547
31047
7997
7213
12544
12544
392
8467
8467
15681
15681
27582
8000
8500
8938
50178
13799
627
53154
29166
48955
100
2700
12541
10036
12858
7840
73071
12544
39829
23521
3763
20698
19444
5488
9722
5331
19757
19757
14426
7213
15681
862
26657
10986
16621
2200
5175
16935
32302
32929
14113
18189
28852
28830
8467
34692
22197
6899
19946
10349
20385
4704
282
8467
12544
8154
10349
14113
9418
2666
4704
20385
4861
41538
19613
11992
392
37633
10663
282
19757
56450
20698
9095
17249
78403
2587
6899
15367
17876
12544
314
251
21953
10349
20542
21062
8467
470
4234
470
5488
25089
25299
87021
2822
22266
16621
11368
19444
39615
862
220
3607
7056
15524
220
31245
4704
8500
30517
706
16308
392
470
45436
3000
23050
24709
19444
28241
100355
8154
9722
941
11133
1725
19579
7840
23521
19444
392
6899
9565
94
23521
6272
12000
8781
7213
784
10000
21326
10036
11917
30
49237
2666
23521
26343
19444
21953
16358
16766
29793
3136
29479
10349
17245
13642
7213
16621
31047
11447
18817
219527
19444
14113
43576
627
706
627
22063
8154
5018
6899
31361
470
10569
15035
44134
706
67699
50178
27598
61154
5959
3136
20814
13172
45436
23521
2822
45633
29793
21950
43576
12231
78048
15530
6743
15053
18817
392
2000
6586
5018
40
10976
45473
4391
12231
4861
13500
10663
8154
15825
627
21326
19444
15053
1568
18826
10349
5018
11917
15994
18500
8781
43905
16308
26030
157
22357
5175
862
25716
14269
19757
54882
2509
15850
549
12858
20698
17092
706
627
11102
18817
5959
1333
10036
8781
4704
10976
30583
6899
42651
10349
36827
9408
40926
21953
53314
17876
7213
9722
15530
314
4391
21012
862
31675
19444
9722
392
7840
42337
3293
29144
46534
188
19384
141124
17249
549
862
13799
4234
18817
41547
49848
5959
24775
7056
14426
53185
24462
392
20237
30734
22580
32302
5018
12858
20071
39389
7840
16621
13172
549
17249
49550
37000
12074
21326
10663
16308
125
220
15681
12717
14113
1490
11917
8467
30107
22649
34497
16935
16935
20385
392
941
5331
12701
13172
3136
32412
6586
13172
28909
3500
706
30734
10976
15367
6272
9408
60
112900
7840
6899
5959
6899
627
18189
21953
9400
7840
104216
706
3293
31449
17249
17876
3920
22063
11760
30
35043
11900
4077
15994
2117
39201
392
19757
23521
15612
11604
100
3800
8154
3920
31361
9565
12544
13172
13485
15994
28830
34184
2666
20385
20385
10506
10349
14740
15994
12544
4704
26594
35269
4547
36219
23239
46621
5959
69935
10976
47
1568
18384
29793
627
8097
23521
8006
157
34184
30891
7997
6899
16455
1411
36137
10349
18092
37320
15681
2587
16400
18817
4391
19444
12544
45
6429
5018
549
16465
24709
50
80
20814
35237
23991
12231
17876
33823
16308
17562
12858
21012
14113
28225
21012
11604
30734
1333
52520
27911
10976
7840
11290
6115
784
3763
627
18817
16308
2500
27654
57077
12544
5018
68994
4547
15681
27911
2666
52059
26795
8781
13799
627
1960
21181
12544
9095
7840
11917
29479
9095
16308
17634
31361
18503
470
41397
17500
188
5900
3920
21357
6272
15681
2430
7213
1568
14113
13328
34497
14426
6272
282
11604
6899
17023
25299
17562
7997
40556
10964
20071
5645
1490
23138
2038
26657
10976
16151
5802
3500
7527
12000
50
36065
7527
706
29087
10976
4704
7213
9
19444
23521
7840
37000
5018
13485
29793
11604
4704
17249
22580
2352
2274
34811
12858
7840
63152
470
627
4391
51746
862
29777
16308
4391
45473
7997
32929
28225
17663
15681
9879
627
12231
31988
10400
11290
11604
2117
12544
3763
125
13946
10036
3763
13172
28592
4077
61154
4077
2500
52687
18189
8781
11917
3607
28241
7000
50805
1333
37633
100355
9512
8781
38737
18503
20005
17876
26491
100355
36733
5331
12231
14113
54568
9879
10976
11917
27924
220
23235
4704
43281
7840
3293
18189
22063
5645
8467
13485
18826
10349
12500
9408
314
16894
10349
39201
13485
7213
130
314
314
862
11917
188
8624
392
29793
15524
1176
20385
6899
44545
6272
27190
52520
627
7527
16308
28225
6429
33538
157
3136
7683
784
6586
13702
18817
3763
3450
14426
784
12074
21639
18817
12858
2509
21012
470
10192
7527
12544
5488
28222
470
17710
3200
15681
20385
53941
3700
23521
2600
19444
941
5645
20385
120
58338
3607
28225
5488
3763
3300
15053
549
28225
13485
21473
15053
37006
17249
16935
26180
1490
11604
9408
23521
549
10349
14113
10976
156805
30420
3136
18189
10976
10964
21953
549
6272
5645
392
10036
7527
121681
27591
30784
65858
29793
18189
470
11290
2038
8467
5341
8467
18208
14426
16935
8311
19757
2509
12306
1019
17000
1725
59586
40070
23207
2600
8154
21012
47205
15323
15053
4704
18189
2901
54697
7840
53787
4500
6272
40569
39201
7840
314
16935
12858
706
17876
21953
17249
17249
5018
10349
14113
17562
15681
1882
941
15681
18189
14583
3763
106627
32929
35
15063
11604
941
188
12600
4391
23834
25089
627
44134
11864
11262
25716
392
25889
6899
24709
2274
16308
5018
31361
26657
17249
18660
7000
11917
21473
26657
9565
17484
16160
13172
13799
14113
8467
941
10976
12858
706
13172
19130
11290
30185
5018
13015
20385
13172
16621
47042
2822
9252
3500
941
42171
33870
470
251
26927
22947
7527
27598
9408
78
5018
12074
35736
34811
627
10976
5488
12544
73131
30734
9408
12544
9500
8938
282
8467
314
21953
2600
282
1098
23521
12544
5758
11290
11604
68994
54568
22894
51746
17249
15053
11917
4391
12231
40224
282
627
34811
5645
28830
9408
11481
5018
24085
8311
11807
13172
16766
15681
12544
17346
18817
18503
29793
50184
49237
10036
38229
12544
13485
6429
1500
125
13172
4861
10976
9700
30950
12858
12544
17111
4704
4704
35752
25763
8781
862
95739
12231
57108
314
12858
7213
17719
66197
12112
18189
13523
9408
25089
10349
15053
24775
314
3
15624
80958
24148
188
17876
22894
10100
5645
14740
11563
10036
2000
157
7840
21639
9500
27598
26971
25274
125
17876
7840
30640
5331
23834
15681
34497
7527
21012
7840
3136
26657
9408
6272
188
16599
1568
220
30
46490
17562
20385
15681
52059
1098
32302
4077
30
14426
28755
26594
12544
941
26343
11604
9408
4547
24512
15367
43868
19416
27654
157
9346
3400
6269
1333
47531
6899
3293
10500
14113
4234
15681
40142
42102
62653
53188
15053
1725
25086
314
14269
13495
18817
8938
470
627
4077
20385
8467
14740
4701
23521
7000
8467
314
21326
17249
14740
5331
21012
3400
12544
14113
40
156805
1646
30734
3607
11604
20385
10349
52696
10976
16621
7213
8624
18346
27356
157
11604
4704
23834
22580
42965
10349
1254
392
549
6586
3136
15053
68053
392
3000
6429
13300
118519
24148
11604
6115
40340
7213
20698
24618
16935
39226
10036
34836
706
5802
28300
70
38737
30
42052
39201
14900
45436
50
13485
11000
11704
22580
7213
14113
4861
10976
10976
44500
15292
470
9722
14113
21953
16621
627
8467
10000
45473
39829
470
6272
7000
220
3136
10450
14500
706
18531
2509
53154
16935
21012
45204
17249
39161
11604
53941
282
9252
6272
15681
22075
27924
28225
8154
8151
25559
20297
6272
15367
10381
39750
2500
19444
4077
21639
40889
81539
392
10117
23521
157
21169
13172
15000
36401
29166
52373
79971
7997
150
627
81539
13485
8467
5331
23207
8467
13172
34497
18189
5018
9408
51746
14113
15681
10000
13341
12701
19130
45473
12544
627
18211
43880
37633
20071
22894
11290
5959
33243
3763
16935
392
29580
16621
706
5488
22266
470
23521
1019
5000
8781
18531
16308
15681
18503
5300
36426
14279
40
25716
3
600
7997
6586
7213
3450
16308
12231
12231
6586
9408
43880
706
5645
10976
8781
6586
29479
9722
28225
12544
4077
9879
15994
44533
12388
549
15053
8200
627
13172
21395
13485
9408
4547
7213
35752
6272
10036
4077
14740
2274
549
4704
9408
6429
157
11917
10000
42337
9408
2800
22894
25
15053
17249
20382
23408
2509
784
14113
12231
392
13626
4704
7840
4077
18826
14834
25744
47042
22580
4000
13799
15524
8311
15367
17249
13956
12544
706
14069
40142
2901
784
58018
10036
27911
13485
13172
15367
12858
6272
9252
120740
7527
8781
15053
11604
24148
5968
5175
26030
40926
22649
33556
314
49858
66150
40
1803
11917
7683
25365
12231
157
30671
11917
4704
19369
6500
314
23521
862
3136
3700
12544
4234
25089
30
9408
37320
19676
8781
26971
8515
9408
15681
21357
16621
706
8154
52959
8467
25716
1568
13485
314
11290
11604
30750
45473
7056
21953
4234
9095
10663
21953
23104
40769
7370
392
6899
24709
17415
9756
12544
1019
11604
188
627
4391
12074
30
627
392
13328
392
4391
23521
12544
3400
16756
20385
51373
9408
23521
14113
15837
56450
14294
15994
13799
12858
5018
38260
13987
4391
7527
6429
17484
12544
15994
33550
17876
20266
31
15988
251
22580
5959
36065
11917
314
15681
46101
9408
4391
9500
706
10976
6429
1882
8624
23991
20385
16621
27598
16621
4077
42334
48610
6586
2352
21326
54954
7370
21796
53314
4704
9408
14426
15681
8781
17562
69935
17249
9408
14542
81539
282
5645
18817
39829
26657
43281
11290
30734
34497
17813
22266
13485
4077
3450
18503
13172
6000
314
7213
9063
194438
10976
51815
78
15624
12544
62722
7000
70
12544
27284
784
470
54882
392
125
1019
49798
31361
13172
1019
1882
10381
5175
125
24500
43868
16308
15524
15681
18688
19757
26149
18189
7213
8154
10036
941
21169
7056
47042
862
11917
28357
9408
94
7840
392
19601
23521
6272
3136
32935
31988
47989
42152
1568
58018
29711
23270
16621
9722
706
6899
43592
7806
862
549
22894
13485
7213
15681
16621
220
11917
45473
25889
14113
3763
11917
470
12541
627
4234
9095
14113
10976
706
144261
4861
68994
13172
28852
2038
1411
549
15000
20071
17562
6899
549
26149
24029
49293
17876
97219
17876
24029
20250
70562
22580
28225
34811
20385
32973
8467
40
10976
36231
21953
21326
45473
9408
941
1700
29163
111332
12858
8154
25763
1646
10349
220
10976
56450
3763
22947
49751
549
9252
1019
1000
13485
4234
5645
42171
21953
12231
18817
9405
22947
39829
10349
47042
20341
1803
9408
470
54568
11133
17876
43868
1803
53154
251
25889
29793
17942
28532
7213
12544
39829
282
3450
10976
29793
20385
15991
12388
17562
8311
21169
22843
1111
4077
14454
7683
8467
15681
15681
23828
6586
11368
17876
15681
12287
54255
18817
5018
15681
17562
1800
23521
17562
17249
21953
13310
23521
5331
13172
30420
2195
12570
13328
14426
941
549
23521
7840
26030
37633
1882
6899
20005
10349
8154
36692
14426
31744
4704
12388
7213
12980
314
10976
10000
17719
11864
52034
20698
8624
72130
37320
12858
941
1176
16308
50196
13015
39750
7213
12231
27284
14113
25089
627
7524
157
15423
314
15681
10349
11604
7213
314
6272
15681
42987
13172
62023
11604
31581
20385
2666
470
7317
19130
31361
22894
10663
1568
2117
706
22580
16621
13771
706
6586
1019
9418
2900
18660
8154
941
25299
47076
13500
25089
470
1725
17249
24148
17876
12858
13172
36692
15053
251
12281
13328
114154
706
16894
9722
7527
11917
9418
627
1254
7213
392
33556
16935
13777
7840
3136
24559
13172
8781
700
28927
8500
1646
7213
2822
15681
706
627
58959
24000
20385
1254
7213
6900
53154
392
2117
32973
19121
314
9722
21012
1568
4547
79971
23722
19444
18189
103178
1254
470
5175
10349
20385
22291
16621
6272
14426
5331
44545
41886
282
34497
47757
784
12858
21639
470
42692
16308
10976
784
11917
19757
20385
2195
56136
25716
9408
41632
3136
2500
12701
40092
7809
37633
37163
15681
6899
58507
18817
784
5175
43952
21326
950
14113
11290
470
11290
19200
17249
87497
150
36065
706
25716
11917
5488
7840
13485
8467
150
1254
34419
10036
44517
41629
12544
15681
10976
24571
44752
37633
1882
37564
42651
7840
42171
4704
20266
130
10036
11290
9408
10036
706
20071
8467
20665
13172
94
24302
15681
26657
19130
17562
17876
45473
2274
8467
11447
314
35902
13799
26186
8311
5500
1725
15053
4861
941
3293
549
49751
17249
8781
30000
7683
7840
25264
100
784
9408
17942
9408
941
10976
17249
19130
39201
42102
26180
157
23521
22580
11290
27946
21169
11604
23389
22266
18189
3700
22580
51523
4861
51746
14426
10697
16621
16151
22894
13172
19757
188
56450
3607
1490
17054
35328
7056
8467
37984
15053
14583
19757
31047
22947
20636
23436
15624
10349
25889
4704
8467
15681
549
10976
3058
14113
59586
2430
13956
15053
706
470
6272
97219
23521
9722
3607
35438
16621
941
19676
13799
4704
941
14113
29793
26657
129521
11917
60831
28830
1803
80000
94
31047
14426
6272
29793
23521
47107
10976
6899
9261
16308
17158
30351
9938
10976
862
14740
11917
23521
6899
24148
29166
784
17562
941
11992
10506
20698
7119
40
34497
941
1568
6700
7527
48534
9095
14900
16308
38574
392
68994
3000
81445
19130
188
188
13799
314
33575
282
5018
58018
12858
11917
3293
4077
6586
27654
25089
15681
31675
31361
27284
6272
26720
10976
94
6115
40
706
16621
51746
12000
470
15367
15367
4234
188
10976
14113
16308
6586
1725
31047
10506
11917
16621
6899
282
15496
2587
5645
12544
9747
16151
941
24462
31988
45734
13604
21953
21012
25089
15681
11604
20005
5018
10976
4077
4704
941
157
8467
1019
8781
25299
4234
7213
941
21953
6899
251
16300
6586
21012
25089
12231
36426
30734
12300
14454
392
627
10036
20005
87811
55515
9408
3293
392
470
21410
13485
1568
16621
5331
10976
12544
4861
14113
300
1490
14113
33870
13485
2352
157
11290
15367
2430
470
37633
39201
68994
20385
7840
5802
46414
627
392
27598
4861
6200
29122
13000
2500
706
13485
1882
11604
23521
4077
8781
26657
10036
706
10976
12231
70562
15718
21253
20071
17876
16621
28532
10349
549
392
22423
14113
10349
34673
2587
15681
7840
18189
470
15677
15991
23521
47042
9252
14740
15681
28225
26657
54000
97235
12143
22894
37633
16621
18826
1411
71647
3136
20698
1568
18189
314
21639
18346
13172
8781
23700
19757
470
20385
19707
7260
106668
16308
24148
27654
10976
65858
21953
10036
10349
13485
2038
18660
36065
6899
1725
4500
18817
13799
11917
20385
34497
22580
3600
13328
8781
17562
5331
4968
18189
43576
21639
21000
6272
42651
10976
12720
2822
392
54568
18033
19482
17245
12388
7840
21500
39201
18362
47201
6899
17876
2352
31361
27598
47042
16766
10976
40092
64823
627
19679
7213
12231
1176
11604
627
6429
45
15053
8467
8781
21953
14454
14113
53521
21181
12231
39201
470
40769
15053
282
37947
11604
4704
4200
7213
7997
18826
27284
18189
314
20005
13589
7527
31047
14113
20385
862
1725
57526
15053
627
941
13799
627
5018
26528
627
941
314
14583
18798
11604
3293
51523
35927
20071
14834
314
1882
15681
20800
24709
10976
8781
470
24462
48610
23521
13485
10036
58332
627
23521
27033
9095
2509
15681
43655
470
314
627
5018
54458
11290
21639
27284
13799
10036
24148
24092
15367
11676
1646
5372
188
77148
200
10036
20385
549
24775
26528
6429
62722
17876
21326
26657
11917
16894
27679
862
10976
33243
4077
8467
46258
24283
15685
15367
28909
50529
17876
2195
16480
125
42987
15681
1200
18240
62722
24327
29793
24283
3000
8500
1646
57372
18189
16621
1098
7213
51075
3450
24239
18814
470
1176
65858
23521
11917
29793
12231
17249
89379
3763
11917
10349
28000
15900
7213
17663
39201
706
44228
14426
314
3058
14113
10381
392
17249
54167
27065
22894
3136
16308
17249
20244
9418
28909
18189
22266
24775
7213
13642
3763
31
10036
13987
3607
4861
34497
78403
25716
8311
627
14113
35846
11760
51746
14740
5018
46223
470
18503
8154
2117
25
20855
15681
941
78403
9408
15681
45
16894
31358
9095
9095
15994
470
27598
30
10349
14740
7500
16621
14113
37633
2195
4861
10349
20071
25000
7700
22423
314
4391
7213
24148
13172
26108
29793
23521
16621
9000
25089
5645
13799
3450
32929
1646
23678
26262
15053
30
34406
17876
9408
18400
470
862
14113
28852
45473
8154
58579
45542
8781
14740
13702
16960
32302
14426
392
43868
549
392
50767
11290
15060
103491
10036
23521
9408
1646
10663
25089
11290
16308
7997
18503
392
15053
110
15681
17405
18503
22580
9408
48873
314
31988
7840
33556
5018
12900
23521
5645
8154
20450
18189
19416
13485
25889
7213
10663
16000
470
100
10976
39201
7000
21012
15053
7213
251
21326
549
6272
53154
20385
54882
19707
20883
30734
188
20071
13172
29793
549
11259
15000
3450
2430
16935
18817
7840
19130
21326
10641
10506
94
392
5331
46809
10641
10663
26324
314
13328
549
32302
251
20385
12544
13172
8311
20385
9879
297930
24267
38574
157
5968
11917
30734
19601
27654
13297
7500
21940
1803
706
10349
19823
8938
5018
49751
28241
28225
941
1019
15132
14740
9252
72130
42102
17876
36808
314
10986
392
7840
7840
25299
862
16741
35610
17249
6272
314
32412
5018
14950
251
79971
15132
8467
53314
30906
6899
15524
4861
6272
7527
4800
19914
2744
13172
19444
12231
18503
53154
5488
188
15681
14113
941
3293
18817
5331
116036
20385
15681
20005
251
25
40769
1803
14834
13172
19429
32910
15866
7213
20385
6272
10349
10976
14636
188
35570
26017
14113
5000
14113
157
470
50
1411
18189
8154
21326
2500
3293
42337
53314
10036
10976
40769
32929
17249
17876
3607
26971
9095
11604
22580
52931
51118
15000
21103
706
55515
3763
6272
10976
28539
16935
21031
14113
10663
120
5331
17562
25591
2822
9408
10663
13877
1019
18117
2437
392
28078
11917
68223
26030
10976
16308
9722
22580
14426
30405
61951
40983
370
627
470
8154
46236
5802
19121
13172
392
6500
27755
627
8467
43626
4391
18100
10349
14740
1176
51965
18500
16932
36827
39750
16308
22894
21169
15681
29166
20385
23678
59586
29479
6500
10036
3
5018
21012
627
42337
9722
8154
10036
31047
15367
12858
16621
9408
8000
862
8154
44724
18817
20385
6272
1646
13589
18817
42786
470
41629
12231
21326
17249
2195
10976
30
706
7683
26306
19130
14426
21972
13485
20005
10036
65858
42337
33556
30
90
4391
6429
29793
2509
53518
73071
28617
2430
16900
8781
24148
31675
6272
10036
10349
314
941
282
22894
282
16778
11290
188
33556
16621
549
13485
17405
45473
17249
1019
34905
13667
627
3136
941
20385
5645
27435
14113
17092
19369
14269
10976
25763
23703
80
8467
52687
1411
20
40
7213
2979
15994
30
3136
30712
22825
8154
48610
862
91775
16954
10036
18817
1646
15681
140
20385
627
16621
14113
90947
4391
29479
2600
42218
110
392
9408
61154
35237
50150
6899
14426
92502
7527
2500
3136
40142
29793
13495
6272
17405
314
30734
26030
17249
1725
12074
50184
20385
28589
4861
11604
21987
22580
68994
24327
1490
28780
23138
36065
8781
784
36899
17562
2666
5488
5000
7213
5500
12000
16778
18817
22567
470
42987
22894
392
26657
9408
19601
73698
220
9722
18817
3136
14113
24273
80
6899
11917
8467
16766
220
188
14113
862
28852
32340
706
28852
3763
627
45542
18503
3450
56136
12240
29166
11133
627
784
16621
549
392
784
31581
8154
34240
11917
9722
549
4234
43952
5200
15994
14113
784
16099
41811
60
29075
8624
20610
14113
3500
7840
58507
17249
16935
17500
147397
47217
25089
18189
20385
18033
20385
10349
7840
15681
13485
5018
11290
157
63826
2195
10820
282
21012
39201
10976
188
15367
11290
13799
627220
31675
470
15000
20698
11290
13799
17405
16900
19416
6272
3000
24920
27284
59272
4300
9252
19657
56848
9565
8781
1882
7683
7213
314
14583
12858
18688
14113
7840
18503
12231
706
9722
188
38737
10349
314
12980
15681
15681
38822
4077
7213
5620
46728
1568
11290
784
44533
23521
15367
862
11447
7840
16900
19121
7056
32929
18189
1019
3763
36235
220
26657
18503
8154
15681
13956
25763
21395
15367
9095
314
13172
22715
7527
79616
470
7370
11290
8154
10036
10976
16327
282
39201
7370
30
1490
33378
4300
39458
34497
15470
706
18189
21169
3763
9722
22894
15681
549
18654
36899
12544
25716
392
21918
31047
60994
10192
50018
3763
14740
23592
3293
6899
80074
314
1725
31361
9879
13642
5488
10820
19306
19823
3293
20237
470
9565
15872
4500
5645
46919
4861
11604
11917
2666
11917
40456
16621
28909
11917
10036
5500
1725
59834
18817
17249
11604
12585
5645
11604
50
8778
7840
31581
16621
15681
16621
862
15681
7500
6586
5802
784
3607
10192
188
7840
1333
18503
4077
14113
3920
19130
3607
24029
32954
314
16621
392
17876
4861
31988
18503
2822
4077
47757
32302
23521
10349
9722
23207
37564
22621
14000
10976
25729
392
20171
314
11290
13589
16935
251
11604
24148
14426
13799
470
7056
3920
12231
314
14897
20071
48998
3450
20385
21400
22260
5018
26306
250
11604
17484
22580
18503
1882
28909
2117
7213
22063
13642
19416
9500
30417
8154
44166
157
43868
5000
16621
6272
14376
1333
19707
6899
18817
12858
43592
549
9408
35902
67354
1646
18826
36065
20100
11133
14113
19296
20385
21953
26591
28852
23772
13877
62493
40076
6272
6899
18660
25597
8311
67426
10349
3763
44219
70
31653
5018
941
3136
314
2117
12544
18817
6272
4679
39066
13485
22580
4861
16151
17249
18817
6586
13485
784
5959
392
17249
10000
2900
7840
7840
7840
7840
2979
50049
8154
25086
17942
862
48196
13877
36065
9408
13328
41977
250
12544
25716
26343
2430
23521
470
15367
157
11604
16308
19757
30577
20237
17249
18817
42400
157
10349
34811
27356
35839
23239
23994
470
43868
50178
42692
627
12544
5018
15035
13485
30420
7997
392
10976
470
251
10032
46891
53314
10820
29479
16935
22894
8467
31349
14113
16327
52066
18817
53314
7840
36065
87027
10036
9408
46207
706
12544
12554
52373
392
12544
10349
83107
3293
8963
16308
58495
27911
6272
314
16621
9722
470
94
11604
1098
549
16621
7840
117604
22580
21012
10117
470
21639
282
32929
3293
1568
56136
549
18817
52665
27911
94
19287
2038
15329
392
10036
5959
392
1490
7840
8500
59831
61521
23239
12544
11133
549
157
17562
4704
48048
6115
32929
42400
18817
1333
17000
19757
3450
392
15500
14909
20385
43000
15681
39201
3763
22894
470
17158
12544
10976
3763
16894
22840
5645
22000
81539
12544
8450
470
8154
10349
3607
549
34074
23834
18826
251
10976
470
18503
5645
12388
13338
4861
8781
20071
7213
282
1490
15681
251
30734
40769
7213
19130
50178
862
17249
35438
30
7370
15053
12858
251
5959
6743
15524
862
1019
17876
1098
9408
10192
706
4704
16935
32929
15681
36567
23521
1490
13172
30
11604
4704
5959
21012
54568
23110
7840
28852
1333
29793
21953
39201
7840
314
38445
28225
26770
19416
26017
61154
19914
46022
43905
21639
2500
8781
55901
22357
11917
2901
19130
8781
1098
30906
24148
941
7527
549
30734
3607
14113
23000
8154
9000
1725
18033
18503
13799
43905
9377
8467
32302
45674
20149
314
19757
17158
20814
2850
70
7840
30420
3293
392
14113
12231
19416
9408
23101
3607
12522
10036
16308
16308
6272
17562
5959
4391
941
7840
11604
6743
7527
8311
50
18000
20385
13799
8781
21012
2195
26971
39829
10349
17249
61154
549
12544
7527
10976
37633
24775
13630
30734
14834
14113
4600
6899
941
627
392
32302
549
2979
12858
784
10663
15035
37633
21326
51965
17000
706
10976
8154
18817
24148
47042
36065
157
6
3450
10976
941
2979
13485
28225
20071
10349
13172
8781
25402
30420
14740
17249
25089
12858
40769
1725
9722
72130
24681
157
29793
5331
12544
45473
12861
35309
13172
706
6743
3136
27065
23521
12560
14113
37564
18503
30
16621
18503
25089
47
26657
10036
20385
10349
15681
58018
2822
7997
12544
706
23734
14959
470
24462
18124
4800
29075
5331
56513
27700
32045
20385
9722
25
15524
34497
392
20385
12388
36379
49864
15681
5987
14113
9408
10036
157
9832
6899
29156
20005
31361
16308
18189
9408
5959
13953
15053
8154
12544
4704
5018
188
13172
19757
188
19416
8781
19444
12858
10349
10192
3058
6272
862
36228
8311
28225
42965
18983
17876
47
10036
7840
14113
6586
13485
7150
64463
12544
12544
13485
35344
15053
87811
25089
20071
19707
627
15053
10349
40224
14113
3293
12858
12544
14113
188
6586
50178
27065
15289
4858
15994
12858
16621
19089
37232
15681
941
15681
1333
9252
13485
4391
1803
1019
12544
17126
22580
18245
9408
21012
32302
12432
862
11500
1176
3293
42845
8467
94
18679
784
36567
1254
16778
44711
15994
26030
15681
80
21639
23521
26594
23207
10349
16850
14426
6272
11290
43360
60213
21012
8311
12541
20005
20385
19444
14113
35043
9095
4391
9408
23521
8154
220
11917
16308
784
941
14583
7056
55390
5018
42337
13978
45473
1098
32929
14113
7840
18948
7840
10036
8311
20071
66482
42987
7840
8467
45674
9408
12522
26657
4861
18760
10349
8154
14583
15053
17876
60213
11000
49751
3500
6272
6241
5018
39829
7840
1646
75266
549
14113
26594
34657
10976
17249
13642
50018
22693
15053
53185
16308
26657
14113
11290
4704
10036
11290
14856
18503
20165
4547
8467
11917
26475
1568
14834
2038
13328
38762
1098
56450
25089
8781
20382
40926
4500
15681
39085
15994
188
10036
3763
18500
23521
76835
67480
38229
25089
42987
8467
19933
45436
15681
627
6586
49798
2901
13150
27911
8154
32302
10976
8154
7213
10976
45
1333
4704
314
20698
1725
18189
31248
23521
1098
348
784
16960
73071
314
13796
17876
25716
4077
15681
10036
37633
24775
11726
4547
9261
12231
941
11917
42667
7213
26971
30
14166
15210
17844
17249
1098
6429
24462
78829
28927
8467
40983
16778
5645
20200
10976
941
3136
21012
37291
24462
16621
14113
1646
7840
19416
15367
706
11917
25089
2700
40
188
392
17876
4077
6586
470
8000
24462
16160
7997
14269
13328
31361
22894
21953
37984
25402
16107
9879
12858
70562
11604
15693
18616
9252
941
314
24709
36065
21012
8781
22894
14113
16621
45044
51166
627
21953
35902
19287
17562
1568
17249
67903
1568
3500
15681
56371
22580
470
470
14113
314
30
19444
314
34811
10349
16151
17249
14069
11447
314
25716
1200
9408
20237
6272
10349
627
21482
13172
24123
15681
14586
54847
314
3450
8781
8674
10663
13495
31361
23082
6893
3500
5018
17249
549
4861
20266
18817
7213
23521
11604
21012
2666
25089
12544
15994
10976
32104
25089
3136
74639
7683
36366
470
14454
16621
21103
3000
12544
314
7527
9879
8467
188
24239
3600
21953
19707
25716
4077
12388
14454
8500
6272
22580
3293
20344
1646
9565
20209
11917
8467
1490
6899
1490
17562
22894
15125
5175
5645
45044
8154
34905
14426
13172
43880
5184
14113
19444
7840
73071
14740
314
100
25396
4500
37291
7840
5900
80
36065
30906
33214
84675
549
16778
18189
16621
5175
14113
314
24775
18211
11290
125
20385
17634
17876
20814
2430
22580
70678
17249
43905
188
40
9408
32302
14069
2500
9252
6586
27598
12074
14959
5018
21639
470
470
49864
78403
16621
15530
94083
19416
15681
34811
1176
96263
46414
2666
23602
19444
73620
4704
12585
6899
5883
20764
12500
11290
5802
8311
392
1882
14583
46251
392
11917
6429
17876
19444
549
10506
39201
5488
1725
4200
17876
1490
5488
9722
3293
29166
14799
44542
48108
15323
3763
18660
15681
7840
49864
1882
9095
54458
4200
18679
38822
14113
9879
11917
314
157
131716
25089
4359
17249
6272
23521
30082
25089
13485
21953
4077
15053
16621
11992
18817
24183
29479
706
8154
15681
20266
6272
8467
25089
4077
17500
549
43655
28600
5645
314
4704
49237
627
18240
9408
13987
8781
12388
7840
30906
30800
22063
470
19444
1882
10506
39226
23339
3607
8467
7213
627
9722
39750
94083
37580
7527
17249
220
9095
38894
22580
3450
15681
21953
17876
19444
13172
113025
35000
18503
15053
14740
22894
800
7527
94
47
5959
48575
8154
42218
19444
15053
14113
470
10349
18817
13808
7840
18531
19933
30367
5959
450
5959
3763
16766
392
41340
6476
20266
11917
12544
15681
11917
2100
2274
13172
47669
2195
17876
8311
5645
125
2300
470
30
314
41547
29479
3607
34497
1098
37633
30000
8781
6899
30420
470
28225
96915
47042
7840
39499
706
6429
81225
10036
14426
36899
180
6611
2430
862
1646
14113
31204
36068
24709
45473
16308
10036
862
53317
1098
13808
52059
4924
549
941
5959
2587
6586
21953
2509
28830
7840
8154
25089
784
32045
4077
13485
13485
39891
1646
56450
1568
3763
2666
28523
19757
15053
37611
10663
28852
2352
17876
32979
40889
251
15681
251
14740
31675
18817
16590
23800
392
17876
64290
10976
20698
14113
157
13015
30891
24571
314
10036
21012
48610
24148
34497
706
26657
17876
25512
49459
12858
2200
11917
1568
392
21953
8781
53154
7840
470
20698
35570
470
5802
6743
7056
21953
5000
15125
52059
25089
4704
8154
17249
38251
11447
13485
9095
10349
941
549
34497
1568
47120
1176
8781
18346
6899
78
11917
8154
3
15681
12544
41064
470
12231
34184
16621
11290
48610
16308
282
220
16481
4077
8000
4077
13015
220
20385
17562
13172
18817
7840
6586
4000
14113
862
9722
48998
10349
1568
18817
19130
16766
2587
282
862
8938
1725
10976
188
13328
34184
784
75300
15681
26657
7840
9832
114468
13350
549
18500
8674
31047
23138
56513
2500
7809
706
14113
157
11133
12074
22840
19444
25873
17700
4391
37633
11000
14113
470
13485
20385
4234
43278
4547
10100
7840
3293
34497
1254
12570
22580
15053
5018
50178
12701
17249
41811
18000
6899
3607
40346
19000
25716
14279
33575
7997
25089
3763
941
17249
6586
7527
19121
50178
862
314
24932
21953
627
4861
19444
941
6272
14897
16308
6500
10976
6272
57030
10036
25089
7683
45204
2509
72130
40390
10036
19287
37611
2500
22580
23521
18189
25716
48610
16894
470
11917
16621
9722
862
15063
12544
7683
3607
7840
24625
7840
14454
106627
37984
1411
706
392
16935
7683
32045
11917
10669
14113
13799
17249
13172
392
21639
30420
706
15624
10349
19444
35043
784
9722
862
1803
6586
3450
55845
3763
7778
7527
8781
16599
4704
22298
12777
26180
470
96263
627
2666
392
24148
16935
6586
8781
17249
1725
34497
18817
392
1568
8781
8154
45787
2352
11290
27889
12231
20698
13799
23834
125
10349
14009
13269
47042
10500
18189
10663
45009
19924
5018
14426
10976
17876
13172
18189
27827
16160
86142
1882
3200
1960
13998
1882
24932
18450
22894
7527
18189
11290
11099
549
941
38229
21652
21953
5488
6272
15681
19444
13172
20786
18817
941
10976
706
45210
28830
7527
27770
3000
5018
6899
70
392
18817
10036
1333
16621
16621
8467
314
3293
9095
47669
9095
2274
13799
15053
12074
22357
14113
39201
4234
13642
60
16935
10349
14113
17249
11917
6743
23521
220
13438
19613
627
3607
4704
14583
15681
7995
7527
8467
23207
12858
9879
14740
25089
12544
157
392
3763
5237
862
15994
11000
8781
627
29166
28222
13172
6899
40769
1568
10663
21639
5018
3607
28100
42651
39559
25365
4077
25716
392
5893
31361
13700
282
6743
40387
31988
39201
23207
1019
6272
11500
8000
18189
27356
3450
7056
94083
2430
941
10663
17249
470
3607
5645
7200
4234
10036
47042
40064
61154
17876
8938
51028
27858
14062
16308
53540
10976
10349
50184
100
627
470
15285
12858
15681
21953
10976
3293
3000
71983
470
35
3293
941
24148
19500
18826
20385
29094
37730
50178
25089
470
29793
12231
69935
10976
32973
470
314
29793
3293
22843
18312
9888
4391
26657
3450
10976
22000
7840
549
5645
7213
27504
72130
15850
9408
862
68994
19444
392
7150
16960
157
5959
23207
10663
9565
12858
13485
12074
5018
5959
15367
3607
17619
14740
1646
31361
3763
6899
40769
16465
20266
12544
125444
4077
18817
43278
4391
3300
40688
10976
7213
42024
60
10349
23521
41221
75266
39201
5018
7370
6272
21395
20385
314
2195
14113
2430
1803
2666
10976
392
84675
9408
12544
20266
110
17249
24283
80
6899
18189
45473
2430
25089
62722
314
6269
51589
21075
17249
9408
784
34419
29169
10976
16308
22266
12858
17327
19030
13328
36636
20385
627
7527
21410
10036
470
54568
21012
2038
52853
15053
18817
18817
11917
6586
21953
392
13799
31361
2038
29087
470
20385
6586
706
28830
392
16621
470
18660
28589
862
44843
8154
392
1803
157
11917
125
1019
282
16618
8781
9408
9252
39201
470
8643
3763
20385
1803
94
10349
9408
36692
24327
47989
14269
140
1411
24327
54932
13642
17876
51225
7213
14069
84675
15367
19130
204
38445
11917
23521
282
14426
5959
12074
15681
25089
470
18189
627
8000
7527
31361
24283
11604
14113
549
32615
34497
47042
19130
42337
22894
19130
3450
17405
29087
25440
7527
220
6899
4704
18503
4800
25716
392
11099
4077
16621
17876
392
6115
62408
45210
12544
35850
941
7213
20071
27924
18817
16766
7100
11917
2038
21639
45160
314
17117
49174
1646
19444
7840
13956
7213
18189
7840
34572
50
21639
17249
8467
7213
17249
10349
25274
19130
10820
15681
12701
549
25299
5950
31361
13956
314
39201
392
24462
21012
15367
28225
16913
31988
5018
16741
22825
1000
44523
627
30
21326
17042
2822
9095
46728
23129
9900
26971
22433
11290
8781
17249
9408
12544
706
4077
20
18817
16621
17249
7840
12513
50018
33556
392
7500
30734
57698
43278
27541
627
1568
941
13589
3607
17249
6269
17719
6300
28391
50
2352
9252
23521
6272
13799
5645
15994
26657
1019
314
110
2666
6429
31047
19757
240
21639
44166
28225
15837
627
17719
2352
19757
54926
19130
10976
35899
20385
392
17249
784
5331
26971
10976
941
23239
20005
12800
117290
11287
8467
627
10349
188
7056
627
4000
16308
45210
25591
5018
19130
48867
26971
15367
50018
11290
9879
89103
4300
18189
862
8154
5488
5645
13956
22894
470
9408
11290
7370
30828
5802
1300
6
4077
706
8377
30
17249
23414
42933
11290
4391
18189
13500
470
15053
12544
10036
5425
31414
20005
9408
21699
45542
34673
2666
8467
24148
8781
8154
15681
392
6272
68148
37006
7000
10663
25873
54518
39201
627
470
12858
19914
14426
23207
47042
3763
17876
1568
14113
8300
89379
83107
18503
25089
13172
314
21953
10672
12544
16308
25
45473
13877
29793
6272
15681
10663
30583
282
1411
23834
18826
94
18817
314
9095
31581
23521
23521
2509
9408
157
67113
6743
16621
7840
21953
51373
67934
18240
10192
32929
25716
11133
20385
3450
8163
11604
14166
17562
10976
3293
11469
49550
16621
19444
1646
56136
9722
32929
124989
1725
27911
26971
12544
220
3607
3763
13000
19444
9722
2117
14113
7683
39515
627
48873
94
10000
1411
9879
2666
470
15053
30351
13328
28852
22580
32615
26657
15500
15850
627
30
10036
25716
9722
10036
13000
3500
12544
27284
39085
18503
78403
21012
282
21316
7840
1646
18503
42651
2822
54568
157
4391
13328
862
50178
28212
15681
18817
11000
10349
30734
19306
16308
392
3200
11133
5331
2352
282
15053
6272
308906
5811
11604
9408
12544
55678
8467
19121
59338
157
15649
32910
18503
24148
470
60
10976
470
14113
27598
11604
19378
18817
1019
2744
32929
32929
470
9408
15060
32904
2430
11290
157
13454
37006
188
1019
1725
24000
21652
8154
24920
21492
54882
23521
9879
53759
7056
25716
17876
10663
13172
11290
11290
4861
12639
157
16935
25089
1700
31988
13589
17876
1490
5488
13485
6743
3763
11300
5488
26030
4391
16778
39797
15053
18817
8154
26343
39829
84675
14113
7213
3136
6899
220
470
120
20385
8781
3000
21950
31988
23521
10663
2430
21953
8467
20297
11133
706
79902
9095
220
10663
941
17562
23994
20071
6895
13956
1411
14740
21326
1411
5645
4861
36065
2901
26657
20
27770
15367
20071
11604
16283
19757
23207
470
9252
5209
93769
3920
1098
35438
11760
17249
9722
34
12544
7840
470
15367
10349
5488
314
157
17249
14583
17249
4704
5018
22577
14113
23521
7840
314
1900
10349
4234
251
14583
22947
56450
282
10036
2195
21326
19130
40954
1900
9722
17876
31819
9565
40556
10036
6899
11290
31361
10663
17346
392
15681
4600
18817
1568
106957
11604
10976
188
549
392
32929
549
48202
94083
17346
941
17249
5331
10976
30784
8467
45633
18826
7840
12858
9252
14426
784
5959
6899
314
18817
25089
5331
12388
10036
314
15053
6272
26657
314
11604
35124
9832
36197
83891
7213
8781
21482
52059
6272
4861
32104
3607
4704
78917
37476
3763
2998
37633
55343
13987
21326
6899
41055
16571
15367
6115
10663
392
29633
14113
16935
28225
3450
15681
11917
1568
21796
1803
15367
8467
17562
7056
2500
9408
7213
11290
15994
119009
15681
16308
5331
188
20005
1411
2822
11290
54568
37633
14113
20764
5175
1019
26343
549
549
3763
28225
7997
39201
22502
11177
12544
30596
10976
24775
20385
392
15681
16000
627
11290
17000
17562
61154
14583
54458
1333
9408
56450
12388
48566
3763
51075
37897
50
9408
4547
4234
11604
16308
21000
23521
10976
941
43905
2430
42337
470
41221
8467
42218
862
45872
44213
25089
10663
21639
15423
11760
4861
21953
21639
34980
188
20385
18817
10976
19933
21326
21316
6586
6586
46728
15323
10976
2666
11917
9408
6586
11704
24775
11917
2195
34497
24305
9408
51373
6899
30107
15681
549
34497
392
7840
30
8311
6586
16935
43905
16308
39829
2666
251
37006
39458
67981
21953
10976
20900
15173
5018
70
17249
7840
37066
10349
9879
15994
38731
109764
16900
16935
51965
7300
784
23521
1019
470
15053
18826
24458
627
14385
10900
39515
45044
3763
2509
14426
29793
314
3293
7840
18503
470
784
32302
13642
2666
8154
35344
1254
470
24148
6586
7840
8000
470
8154
8781
25512
31
220
7213
3607
110
6586
11604
26657
7997
8154
3293
36068
7527
32929
18817
50
42337
7840
8467
10036
5645
2117
24462
18817
11133
19757
20071
15053
549
18817
7840
11450
17249
9565
10036
941
1098
5645
8154
6586
9722
3293
37984
7840
13172
6586
6899
16308
59827
11604
18817
83107
282
627
1411
13172
7997
23436
31361
3763
18503
19444
314
18240
21953
16308
314
15367
9938
18776
12858
8467
34419
25810
941
7213
18503
14740
15994
1725
9095
13150
15681
18817
22000
172486
26657
25089
127000
470
29166
3293
50184
18817
17000
17249
19130
11133
14454
28852
30326
43576
94083
2901
12272
11604
28592
21326
99440
15681
392
22894
22894
784
10192
22580
10381
15681
627
8154
14834
28225
11290
549
24543
23521
1882
392
12858
10349
11290
62722
16935
26017
16935
314
21739
26306
31361
14113
6586
470
39201
3000
8154
48610
66485
10036
18503
42883
36065
11604
251
15681
48697
17249
21639
25089
29965
10036
17562
5645
251
22260
22269
44790
12544
10976
24148
33230
282
38869
549
21953
14834
19130
16308
46728
3763
42102
28852
549
13000
17249
314
24176
23533
36065
11917
87497
38894
13589
14426
1176
27598
42337
35438
13172
43905
23521
1098
21012
941
862
54568
7840
27065
26296
4861
40769
60000
88595
6743
549
13799
470
16778
38737
9879
16935
25456
24148
16778
470
7527
11290
47042
9408
32744
12544
20698
5959
941
3293
10873
10663
19757
92070
7213
18189
20005
9408
31047
11290
30
2038
26657
26030
862
470
8467
3850
5018
23000
5331
549
3607
12544
8963
941
15053
3920
37947
314
15053
627
21326
11290
9722
9722
25716
5800
392
27284
22894
2666
16879
82166
6586
13485
18000
7683
31361
9722
15053
39201
10036
19130
12231
28241
10976
8154
6523
627
29166
7837
9095
12231
19444
549
19707
14831
20071
23521
10036
28852
5645
6272
18245
10976
251
1646
43905
392
4391
14113
25591
2430
51746
22266
15681
23678
15053
150
57108
784
74796
17876
16621
28225
1700
11290
45
73310
1019
29586
549
706
26657
5551
392
3136
5018
5645
8781
10036
2901
13172
4077
5645
1960
627
75266
5739
3763
22894
9722
9722
10663
1803
392
8781
10349
13172
17942
9252
23521
28830
10976
3920
43576
15367
14113
10976
706
22894
8154
15994
8000
18817
4861
31
16621
5018
70
46728
11447
9252
11604
11133
18817
54882
251
30734
7840
16621
7840
627
1254
12231
1490
3450
11604
2901
20385
13485
38737
5645
24148
13736
25716
8467
6899
26030
6586
5802
15289
3293
5959
36564
29793
4861
47042
28852
54458
706
21950
15367
157
23521
3450
31361
25089
26149
10036
26030
16091
862
55845
34400
1725
9408
25669
23521
11099
25
25889
36235
6586
17942
14113
28000
1333
13172
16621
31361
8938
45633
40769
25089
16308
23521
10669
3136
11000
10976
19817
706
11290
26425
34811
21805
47
36065
30
15681
11917
27924
24920
3136
26657
45
36
26594
18817
34127
8781
10349
15367
470
19416
10976
9565
26255
8590
4234
21326
16400
17305
251
8154
12187
27441
11290
15530
34497
28532
392
20385
188
18189
30734
392
5959
7840
44752
10036
5175
26343
14113
1098
470
13328
6743
188
12231
20
14113
470
70
157
392
6272
14897
30
20385
17249
11290
3293
15897
5959
31361
4391
13328
12388
7997
5018
1176
12720
9722
6272
21940
12858
5331
11604
18503
188
15718
10300
14269
10036
61154
9879
251
47042
20071
21357
5488
40057
10036
1019
282
4077
2195
18800
18189
32302
30
2901
16546
11290
6429
6
21012
26343
31361
5488
9408
38445
11290
10663
40688
20005
35438
4704
4861
19444
16151
12074
12544
10976
28059
22266
4547
15257
32910
12855
12544
16308
81539
10349
17876
1960
47120
14583
37837
27093
17249
21326
7213
10036
18189
25810
14740
18503
2744
16621
4547
6611
3450
150533
157
11604
10036
16308
7213
20000
12858
79971
74953
18000
9408
3136
10036
8154
13808
11099
12544
9408
55823
14740
470
392
14454
13485
18189
21012
47042
28225
4704
20542
784
36065
45
9164
15060
7900
14269
7213
10036
10349
6586
9722
4000
10506
8467
17562
3
36065
22947
23521
4234
16719
26030
49237
22894
18422
4391
53580
6429
18817
157
9408
31211
32929
24775
18817
15524
7840
314
6115
24600
10000
3136
6586
12544
31361
1882
36065
19679
6272
9408
2430
25399
19080
31361
9565
11917
862
9408
549
28382
24123
25089
9408
11604
3763
941
43868
14113
4704
8624
8097
16308
21796
28225
157
392
32302
36567
14800
15681
54568
3136
862
17249
1098
12231
25591
39499
470
33
9722
8000
9565
37006
15681
7213
17876
40769
11917
24123
941
16621
42337
5018
1411
10036
9722
14897
21169
43049
706
4547
188
28423
470
251
7213
17249
5015
5959
16621
14113
40092
25089
15257
39829
13485
12500
10986
3
37633
37633
392
25089
6586
28241
23521
7840
2352
3700
11964
7213
14740
10976
35900
1254
24462
20266
14113
21796
20469
15053
19068
15681
19757
42337
549
43905
20005
13799
32929
3763
47
20071
46919
7527
10976
549
19601
17249
1650
8148
19610
12585
8154
59586
3450
79971
9252
18817
9408
399
38311
18726
157
470
9879
2274
282
36065
300
3607
1700
20266
23138
19757
19757
22580
15994
14113
30
3607
34494
5959
9408
28852
6586
2274
6272
17249
7213
2038
8320
706
21953
2901
9095
19130
13799
20237
20228
45473
7213
7213
4704
15470
784
1646
18208
3450
9252
89482
41811
3450
20266
17249
11604
4077
7213
42218
31047
63839
3000
90
31361
26030
20005
22580
30263
32929
11917
1176
8154
18503
16838
2666
15994
8674
392
3607
21169
14897
21012
37066
12231
9408
84675
941
862
43905
706
14740
2666
10036
4077
470
15053
10349
30
16935
15681
7840
12544
12858
150533
27755
47042
7997
10976
10036
251
11604
8938
2352
9408
18817
75160
8781
25089
19579
70
46728
7222
33870
1725
16308
5175
7840
25089
4000
34607
15681
17249
1176
39201
2800
68223
14069
862
25716
3500
26701
25638
18189
392
7840
862
7000
16935
706
15681
7840
17249
7997
19444
22357
50341
6272
30
58018
38229
7213
45542
16308
9408
11604
26500
40456
46728
18817
470
784
32302
4500
44545
1646
8643
17562
9408
6000
13485
36692
549
7500
21639
2038
41259
12858
68994
94083
15053
10663
69502
21953
13172
6429
11604
20385
14856
10976
38574
34889
2430
28241
8781
13297
549
25716
38574
20071
4200
862
18817
52687
15681
15367
157
36400
5959
9722
1490
18189
23433
5488
16383
13485
22580
62992
13172
392
862
13172
19757
2666
2430
9408
49864
251
14426
10820
4704
9722
6586
282
37633
16308
2000
784
40
18189
549
1411
10663
15994
27755
7840
12231
46728
392
392
4077
3293
29087
17249
549
39226
12388
28225
12143
24775
314
27000
32302
6586
11604
39458
16621
20071
549
17249
13485
8781
22580
13485
20385
35
2822
39201
35570
7213
18503
19130
66815
41221
9722
6429
16308
16599
10349
22580
8467
14069
12541
39201
1019
25387
21500
19444
5331
314
25716
549
49858
11368
39829
25889
20385
470
6272
39201
25823
392
29793
6899
7683
392
22894
2509
27946
549
28068
706
784
706
8154
7997
10036
15524
10192
2038
42337
314
23207
29166
1098
1568
9700
30734
51432
470
21953
6429
20385
20385
8467
25597
549
22580
3763
21730
22580
11917
17876
19707
20385
15336
31248
12544
11917
8154
6586
15994
23521
14113
17876
35846
16621
13500
220
10663
37633
84675
6586
314
14426
1568
52959
11604
8624
627
4391
5018
60
12388
18817
9565
18189
43278
69502
7300
10349
13808
314
16778
37633
17249
1568
15994
12231
9252
6899
42692
52696
12544
13642
33243
20385
282
1646
4547
15367
627
131716
10506
470
5331
10032
17876
784
549
11290
5959
43062
23207
7840
6743
6272
10976
3293
17035
2800
11917
21395
13172
470
24462
314
4234
23834
862
220
12388
157
9377
18817
20005
6272
4077
14113
32302
94083
32929
17923
3763
30
16621
11726
9252
627
862
2038
15659
10036
13172
18669
22800
5175
63152
12758
14113
25591
282
18817
549
38251
90947
11604
470
22894
47042
8467
13962
15681
10945
470
18503
2038
14113
10192
17249
47042
20385
7527
18503
8781
11200
27911
24462
13799
188
56814
13485
7527
7000
706
10976
6800
1568
55343
9722
13172
1019
9722
4077
80911
25402
11604
282
40
1725
15053
42337
549
49889
706
12388
17249
9252
314
32929
19444
10663
17249
35344
5645
56177
10663
18189
24327
38894
6272
73698
77775
10820
157
21953
4704
10036
17346
4391
7056
21012
35570
15681
17876
188
11917
61781
1411
18503
32954
17634
20300
7119
627
13799
12231
6899
1568
470
17249
17876
220
52696
4234
10976
18422
19757
7683
13626
13485
251
11920
21500
11133
314
40183
784
2038
22580
14950
25889
7840
8154
10349
103491
29075
7213
5488
7700
3763
26343
11011
706
41161
8624
9565
50
18817
16621
57698
12544
282
56450
3450
16894
18817
157
1490
50
40092
20385
7527
706
157
9408
392
13956
314
46251
3136
15681
188
125
5018
2352
251
188
32302
20526
14113
784
83107
15681
12544
37633
784
15053
38060
89379
21639
549
13172
22580
14113
43545
3607
8000
6272
282
16308
16308
23602
16621
5959
706
7066
12544
11000
27654
30906
470
3920
2195
11604
3293
37006
12231
15681
392
21639
31361
18531
12388
6272
5959
37006
15367
14113
27259
7997
5175
1646
40142
40
44849
8500
8700
12544
48403
1725
470
13172
40926
51746
46251
11290
18817
20385
1960
12000
1882
10663
157
21326
58683
13485
706
8154
188
27598
9408
10663
5645
784
2000
30
11290
10976
25089
18189
1882
1882
26657
627
32929
11133
706
21639
47042
19444
5018
37633
7840
314
15681
392
1019
48575
4391
13799
21012
13172
36231
706
9408
21326
39829
627
3450
16320
6272
549
30
11604
4234
21326
36567
10349
6125
5018
18503
25089
43548
29489
33378
9722
12544
549
19130
862
862
26030
14897
314
13291
18817
19444
1411
14113
14500
43905
40224
25889
11604
314
24462
9565
470
8467
7840
1803
11290
12544
5018
706
70
5645
2038
17249
627
10663
21953
11290
392
2038
9095
54568
10192
470
5645
34240
9000
9500
17249
1490
19444
22894
9095
7840
862
314
25089
4861
18817
12544
52696
706
19416
36068
5959
30
470
12544
17249
9722
34692
10036
18500
7517
30
5175
20385
11290
18503
14113
20385
20698
600
23110
12544
3058
941
12231
9408
1098
10349
314
16000
27284
21953
13799
314
4328
17249
15681
1254
25
549
13495
18817
26500
784
18817
66479
28755
172486
125
470
16725
56509
22580
19657
11290
22260
11447
22266
10506
14740
89379
54568
5500
45
1960
4547
20347
15681
10976
16151
21953
18240
23207
26030
11133
18817
12544
42337
4547
52959
19943
12980
30
23207
8781
282
282
28225
14113
43714
43902
11917
41048
5959
14426
18519
14113
20385
9252
21395
6899
706
25500
18503
12231
6500
17249
470
18189
21181
8781
188
33798
51526
14426
9408
9565
8781
15681
16894
6272
314
549
17249
30085
2650
3293
19757
33243
10663
1
4704
15053
21953
19444
15367
392
20005
1803
19444
16778
17876
220
8154
15367
16308
15367
30
9000
10349
39226
8781
58018
24462
20385
23521
11917
23521
125
12544
314
3920
31047
941
19757
1725
12858
11290
157
549
21953
470
93079
941
14884
3293
23521
16621
79971
2352
100
11290
17249
12231
6586
29489
55823
32274
470
470
11604
2500
12541
4704
9408
470
5959
13000
21012
14953
16621
8781
392
15681
220
40142
5175
23834
549
34074
11290
3
26030
17923
706
251
21169
392
1300
5645
15994
8320
6115
7840
90
17876
11133
46919
50
10036
23521
5959
3
16621
18189
13877
16308
48914
2038
30800
9879
14113
1500
4077
784
862
13172
29793
1960
21639
392
28225
17038
26096
17876
8781
44533
28391
549
470
12544
19757
11563
1411
22843
157
44711
3763
157
6800
12544
20385
13172
39722
9252
13068
18503
14740
3000
26343
17249
2195
10349
2666
44846
36774
11133
9095
8938
12544
1176
7213
17562
12544
26657
17249
627
19278
6899
5959
21953
1150
7840
8467
9408
24283
14113
18240
23521
470
65858
470
7665
1725
15500
10976
6115
10036
10036
1490
216391
22357
46101
11290
30734
18503
13799
9408
29793
10663
17249
10036
5331
14113
8467
50
30734
9252
14009
36137
314
26030
862
14113
15612
43905
26030
20385
2901
48610
16151
26657
24462
40769
28852
2666
157
61154
392
7840
15994
19914
94
15681
706
21326
314
28225
15681
9565
7213
13172
6272
5645
6899
314
23521
12544
627
157
220
170
3136
3058
21012
4861
3136
470
8781
282
6837
16621
12544
13799
13172
12074
23364
627
10976
38182
8467
19757
18817
9314
6899
16399
14000
28225
18189
18189
3300
8467
96915
1725
20385
45445
35438
15053
45473
13799
17249
21181
11290
47408
18817
3450
73698
4547
49237
2038
38500
50
470
56136
40142
5959
12544
26657
3136
18826
28830
13230
19000
784
11604
6272
314
2901
18817
13328
7683
10976
19800
11133
1000
55823
9408
18503
27654
8467
6586
12074
37000
28523
7840
25716
15367
28852
5642
35610
22894
193184
40976
34811
22580
9095
67483
470
59586
13956
10036
6272
8154
59464
3000
13328
8624
9095
8467
10663
30
9408
18189
22580
3607
2274
50
49550
18033
27284
8154
3763
14740
37320
49550
1098
6241
17249
68994
7056
1568
18817
8154
14113
6272
314
30517
2666
22621
54850
1882
17249
12231
941
22266
34836
9500
90
470
6899
42171
9722
11917
17249
3450
3500
7527
24462
59834
50178
14740
1411
30
50178
81808
314
62722
34497
6899
27598
25089
58172
17562
38574
784
19121
200
392
100355
29793
1490
11917
106627
3136
11800
627
5225
9095
6115
18669
1411
13956
14113
31581
2038
6899
14426
2500
40
157
11447
12858
7213
25810
81539
706
14113
18817
15210
470
24148
784
3
1176
21326
47
314
14454
39891
6899
10036
4000
28391
59583
3607
9408
20005
14113
19130
627
18817
6272
549
14426
14454
27654
26149
19757
300
18189
41553
3
2352
706
14113
3136
37984
10249
627
9252
7997
16621
20071
40769
1803
1550
18503
48873
3920
10000
9722
29479
7527
6272
549
11917
30891
14113
27911
1333
18240
5645
27889
7840
9722
9722
5331
15994
50
34497
9408
706
22248
34877
1490
10349
14113
15681
4500
549
150
16621
470
8154
17249
7056
1000
21363
34635
57698
43360
7500
13482
9722
4704
11290
20385
48610
22947
7840
17249
37498
46728
12544
12231
73071
1882
25004
12858
25889
9879
31581
220
8154
4391
1490
31082
14113
784
1882
34111
25889
7200
68681
17562
4861
36733
16935
44542
18817
10349
41720
34497
941
5018
13172
21012
314
14113
29793
12544
15524
14050
6272
20817
25089
4861
24327
49174
16935
3058
627
12858
6586
21639
470
10976
7527
470
9565
470
38574
22580
12074
50178
16935
15681
5018
16308
12388
10349
6500
53314
17092
15464
2430
5739
11290
627
627
16935
10036
43868
26657
14113
20385
30
1646
4391
3136
5018
39201
15530
52059
22110
314
9095
251
25
11886
13877
3763
23207
32311
5645
15994
5645
94080
37633
46414
9879
37633
11133
8311
27375
392
17249
23521
11563
75266
7840
15053
8781
47
14113
80
25716
6272
2587
12544
23521
58579
15053
9800
3700
13485
6586
3136
16500
627
3500
9722
18189
15524
8311
29793
1176
7213
32145
13485
56136
400
23207
28225
17876
42667
14113
392
282
4077
10697
24000
14269
23521
9408
941
9252
14740
22110
314
6429
9408
2352
20698
17249
34497
40092
10349
9095
60
69807
9565
44134
26372
941
29793
17405
24462
1568
13172
15210
188
8781
7213
314
392
13956
119172
45445
21326
35005
4077
36899
42337
16308
92070
5018
61471
18826
8311
9361
2430
39954
2500
3136
14113
16308
21953
31675
470
10976
17876
7840
10036
470
19444
29777
26500
29793
30006
9948
14740
3763
282
23834
706
2901
15681
941
15681
2038
41281
7997
17249
20385
1300
14113
10349
14740
470
44608
15053
24775
32929
8154
32929
28821
21953
1882
37006
3136
7997
470
80
17249
7527
44878
7527
52059
5018
392
10349
22894
80
3450
21953
12287
14500
470
6429
14021
27284
36068
2000
23521
18817
5645
627
51746
4000
15241
9252
3763
13178
150
314
6899
29793
17092
17876
28222
15000
1490
11290
5645
10976
8467
627
10349
40
16308
1333
5331
12388
42764
21953
7840
2038
15681
8781
19757
10036
21012
18189
3136
20385
52959
16935
30
31650
37232
49751
33908
13799
40026
12544
12544
23935
706
7213
21953
627
20228
1646
11917
22357
23521
7213
7840
20814
37947
8781
7840
470
7119
21796
50
7527
17876
26657
6
15681
14800
15681
11917
41281
784
15681
7527
24148
18503
13172
9879
31675
18440
22580
39201
29636
4704
40983
27500
27174
10976
39750
6586
3763
25716
27654
10036
17245
10000
14426
96749
19441
6899
3450
23500
17249
51746
94
627
10036
16010
11917
110
34419
11604
941
51965
7840
10349
282
45
5893
8938
19757
36968
52373
12231
17562
32035
1254
2587
25889
30734
5331
28357
15925
18760
250
7213
10932
314
6272
22894
36065
20385
35046
627
10349
47000
11177
64604
49889
13454
20385
19757
3450
470
15060
38163
10349
24775
26030
282
8154
10492
45342
36110
13799
22580
19400
18189
15994
9408
17484
13172
11604
549
6115
784
16465
111332
3136
14113
15681
19444
10663
27598
20385
15681
21012
26804
14834
38838
220
79971
9095
392
15681
13495
27065
5645
282
11604
44134
15035
41387
20883
17249
36065
12544
1019
188
7840
5018
282
17249
38737
39201
12858
8467
7840
18817
188
18817
24148
8151
1019
13485
18503
6586
3450
6617
10976
51526
20266
7527
5500
6272
97401
14269
6125
14740
1411
20542
14000
11200
23521
549
32929
7840
6272
11604
10036
17876
20071
41578
314
188
25716
5645
627
11604
12231
40000
2822
34108
2300
17876
2666
9095
15681
7840
5331
18669
1019
15367
16508
12720
18817
10036
26657
18817
22693
3763
1176
18817
470
282
157
11967
8154
19757
15681
7056
29479
38888
17562
16308
15681
157
19444
627
392
21326
21326
6899
4077
22843
17876
941
2666
10036
36899
15681
14454
7840
122308
706
72758
470
5802
6899
23521
8781
11604
11704
21012
11604
1568
5959
12231
862
18660
17249
6586
25089
94
7997
10349
12231
706
24148
54568
28225
314
15053
12544
8311
10032
19080
18817
3763
16894
706
18817
314
9095
9408
25716
18817
23521
20266
5331
15681
24148
1176
17249
21953
220
11917
21953
22649
13172
470
12231
17500
15681
13172
17468
17562
7840
2587
22580
9252
17249
45210
10036
3607
12544
21953
14768
15053
549
12231
23521
706
11917
1019
5018
17000
5331
27463
12544
100
21796
22947
706
8781
37633
19309
3293
7213
22063
10976
26475
470
3800
19384
12544
282
8154
3763
15677
65858
67000
14500
16935
11917
392
6586
17500
17346
24198
157
6899
15053
36068
48566
21326
228935
12231
314
22166
1019
19914
8311
41886
627
31361
7527
20698
16935
4547
19130
21953
21856
58971
16621
26030
6899
13485
54568
10976
10976
44000
7222
17249
14740
27924
15681
9722
13172
20071
470
18817
2587
9879
6429
10976
21953
39201
7840
31
37006
1176
7213
21639
627
51746
42337
45473
60499
4861
12231
18346
12231
13172
7840
26030
100
22433
9800
3293
20814
18189
39559
29009
44517
23521
16621
14583
157
13172
6586
392
18817
470
6272
42337
10036
10036
17249
33076
627
3450
17876
21953
17876
23521
14113
20695
13485
22580
10663
220
47217
46414
16308
10663
23207
15323
20385
706
33575
23521
24148
50
941
6272
5018
17249
54346
470
149
5802
14426
5331
9252
6899
30583
5018
11604
20071
27284
9408
16788
36711
21326
21395
392
549
1960
5018
30063
19384
10000
53314
16452
16599
65545
10349
19757
627
28225
14279
64917
10349
12600
3500
1568
37229
9252
27654
19757
11447
549
25089
7200
20385
15681
20385
31361
21558
25000
34497
9408
17719
392
51517
1490
19444
22894
1490
13172
13799
12585
33870
9408
16741
30856
6000
19444
23436
34074
11704
10663
7527
220
7370
10349
13485
16935
7500
26971
40769
15681
3763
784
13172
7056
27911
7527
1646
8154
784
21012
15994
7213
862
47042
392
13799
38574
46728
19444
15367
5645
21181
5959
627
15367
50
30
750
23408
17876
15681
17249
17355
3763
24283
50767
1411
2117
29793
5018
3450
33870
3450
22266
12544
549
784
51432
10976
7840
7213
10976
23207
15677
18189
9408
34811
22266
8781
14454
11422
314
19384
784
19736
17158
16894
8467
16543
15681
52687
9095
43655
11290
1098
29793
392
10976
24775
16621
7840
25402
39044
20385
57842
39493
6
18983
29950
627
11604
84675
54346
784
8624
73034
27463
157
47217
5331
11290
27284
549
11290
188
15530
16308
10349
22649
7840
14113
15681
20162
13900
17249
2901
1019
19444
11290
14426
27294
5018
5331
392
17562
549
8154
15681
13953
22900
10349
22567
45473
7213
25089
19924
6272
627
30734
9408
5645
30107
5802
36065
1254
20209
32929
3058
13172
20382
392
7997
9252
18817
23207
46728
188
3763
12544
16621
12074
17249
5018
20385
37633
7683
9700
1490
13799
6000
1019
5175
5645
18189
15681
15681
39593
22567
10820
34607
19757
282
14583
314
40142
30596
10349
15323
37984
18240
5645
31047
706
2666
94
10036
13485
3920
9722
38574
83107
16091
15681
35124
23521
8154
10192
83107
21953
19757
392
6272
16741
19444
51432
6300
5018
22567
706
41055
10000
470
18189
6586
314
28222
392
15681
37633
54822
6899
25889
20385
16621
13328
17876
44545
10036
2666
12074
392
12231
1725
26510
6272
31988
10381
1568
12800
10976
11133
12544
1725
47377
40769
18660
16465
4547
314
8781
14426
627
2200
392
82097
8154
17562
60684
549
6586
15681
4234
21500
12858
10976
30
6209
9656
34340
3607
7840
15053
18817
26657
19444
8311
6272
66482
17876
21012
3293
31988
37633
32929
15681
1646
1333
251
21012
17158
14834
18817
9252
13642
627
15000
48547
16308
10036
48610
23521
89379
20005
17562
7840
13000
15681
7213
11133
10000
48403
25089
41867
28909
5018
15524
9095
706
2509
32744
10976
12074
15053
12000
11604
14426
11447
5018
14269
25205
26657
10349
392
45044
38894
29793
30
84675
31361
282
80
14700
18531
549
18503
21608
20698
34497
52959
40769
15367
2038
10349
5331
23521
862
18817
10349
9408
20385
51272
2509
