Price
22894
26720
18531
10976
33575
13269
28225
13000
14113
20071
42987
6899
6586
12570
28980
18817
15000
14426
34905
11917
12231
6899
17876
6586
48610
19757
25716
12544
19444
9408
10349
10036
12544
7840
15053
42551
32104
13172
13600
44003
36721
16308
18503
17876
14113
13172
10663
13485
9252
15681
33556
23207
19444
18817
8781
20385
11368
43905
40142
9879
29144
18189
7066
26510
15681
26770
12858
22894
17249
21639
20005
21796
23521
44611
27911
12100
37006
10036
18503
24462
10100
21326
40976
17876
9408
8781
6899
18817
23521
26613
13485
14740
14113
9900
11447
6272
25274
7517
9408
15681
13172
30906
16621
16894
19384
11290
14740
18660
23207
14583
12240
12544
11604
27284
31361
10976
21326
11500
13877
18503
21395
10976
20385
13485
47694
47042
8097
37125
11290
23207
16935
9500
8467
43868
8467
12544
20665
47217
23239
25889
18817
14113
7840
26657
26343
24239
9095
22433
8700
7840
25299
31358
12544
16935
30326
12544
16621
12388
26971
6272
39829
9095
26971
16621
7840
13642
15000
21012
31524
14113
20385
8938
13485
19444
24386
21012
28830
11000
27591
30085
8154
22894
25089
18660
43905
9543
14113
21169
29479
16308
11604
12388
13328
18817
33409
19757
15053
25089
21326
39201
10036
25402
14454
7840
14740
6272
27911
10976
23521
21953
18189
14426
21326
14113
25889
15367
13172
10976
35124
15524
16900
15681
15053
14113
46101
8000
18500
13172
20250
11290
40142
16621
23521
14113
23521
15681
9095
11290
48000
10036
14799
19130
7056
22580
13962
18422
18817
10515
26971
9722
10976
23687
16894
14069
14113
14426
24148
15718
16308
18503
17249
16621
20005
8781
35237
9408
19707
17876
19306
12544
15367
36567
16283
9408
17468
15464
11604
21639
32311
44542
44843
11604
10036
21953
12544
8781
24625
16308
43880
14113
7527
11917
9252
10036
18817
18826
14426
8154
12544
17249
17249
19933
14583
19657
13172
18189
9565
13172
11604
25089
8467
14740
7370
9408
19444
21012
10349
20237
19030
10036
21012
7056
17249
10663
7840
24415
29793
16935
46236
11290
17885
36068
20385
14113
10036
10663
8467
21012
23207
9408
25089
12858
7213
38016
12585
27924
11917
25716
8311
7500
46728
19416
21683
11704
13172
40926
36899
41553
10663
6272
13523
7527
22260
14113
13172
18503
20385
29166
12544
10036
9722
16621
10663
15681
31361
41867
26657
47038
21326
15521
6272
9408
38894
15053
37633
28100
20385
37633
13172
10976
25089
30351
28015
18500
12858
18189
11917
13956
17249
11604
9095
13485
11604
7683
8781
37574
10349
13015
28852
18422
12544
8154
16480
46728
17562
35000
20385
13476
7828
14113
38731
32929
18189
17844
15053
36065
15053
7500
28225
19416
20385
18503
32578
10976
6272
18817
15681
20005
29793
6272
11447
10349
43952
11262
6743
40092
16766
20385
11917
42337
11290
37000
21330
39226
30517
14113
15323
20385
18817
12544
42337
9408
11992
43278
42692
22580
22894
29793
20100
31361
10663
24891
17923
13877
7840
24148
6272
23521
8781
8154
13172
21012
23521
25716
22580
8154
9408
14834
39559
17876
16443
37633
23521
46101
28241
6896
12000
24775
23521
10036
45376
23414
26030
23129
45473
31361
6429
6500
27911
32412
11604
12074
15681
47669
10000
18240
10036
22894
12544
20071
19444
8781
13172
13172
24462
27284
11500
7840
18817
25716
16894
17562
29793
38574
21326
17249
20385
43868
22063
7370
18450
9408
10349
23138
13172
7056
22580
7517
10976
12858
26149
24543
27259
8938
45210
28852
21953
20297
13015
21639
31581
46728
20071
12231
29793
21169
8154
6586
45633
15994
24148
32274
39066
8154
15053
12544
17562
7840
15285
16904
10036
34497
47042
13000
11917
24462
24462
14113
36231
7213
8154
7840
23521
20500
43548
6429
11917
15994
10036
36065
20005
21009
24000
36065
6272
44843
13485
13485
10036
13485
11917
23521
7527
16308
8154
6272
37633
41281
8781
34811
40471
9832
8467
8781
20500
32929
16935
8781
35846
23834
23521
16894
20071
10976
29793
14426
17249
39954
26657
12544
28225
9408
30734
17876
37633
16590
16766
20385
17245
7683
17876
8781
23521
6272
25440
40346
12717
24462
8467
37125
15994
25032
17405
23521
20385
14636
9722
18189
14113
12544
6837
23935
17249
8154
20005
22266
6899
6586
38574
19444
14113
47042
35140
15053
34497
22580
14166
23414
34497
6429
7213
10976
18117
14113
13328
17876
36235
28225
15053
20071
32929
15500
27284
11604
14583
31747
14426
17249
29793
28222
34497
10000
18776
29793
14269
9565
21953
24148
14113
30517
29793
19757
11992
14740
20385
11917
14269
11604
8311
6500
47042
27356
7840
25089
27924
18503
7527
8781
17562
43416
16935
15053
17249
21953
17923
14583
17876
16308
22580
20385
47042
16935
12112
12544
42337
18660
25089
32929
12388
14500
24148
15053
36636
15994
13328
16621
10349
6272
16289
15053
48108
11604
10036
25089
32929
13700
10000
43905
14269
21326
10976
24462
7527
8467
7370
20814
6895
26306
37633
28225
20385
25889
7213
15053
14426
16935
13589
10036
24920
17562
14113
17876
13172
23304
38574
21639
9408
17249
10976
14113
13799
21326
11290
7840
16621
16333
8154
15681
22580
8154
36065
11604
13172
7997
7213
37291
7213
13485
18531
7840
9252
8467
8781
21953
19757
34607
10976
23521
18826
23521
40769
17562
8781
19121
14740
12231
32615
8006
27284
45473
10976
28328
19130
28830
32302
17421
10976
8781
43134
14426
11290
17719
44247
18817
15681
9722
15367
19613
17249
23521
24775
34811
30241
18189
33500
15053
15681
30238
10976
18817
12231
6743
20385
7840
40340
20698
17249
17876
10663
39750
30251
47205
26657
39201
14542
14426
43143
29122
8154
18817
17562
24775
28225
12544
29479
28909
18189
31819
10349
40769
15994
10976
30085
14113
12544
11290
20005
25716
17562
8781
10976
14426
22000
12858
14113
20385
7840
17500
11604
7056
7527
34635
23521
17249
17876
20005
10976
13485
13172
15053
12544
19579
7527
18660
11102
6586
28391
47042
14740
12858
24775
11290
15053
11604
21326
40092
31361
21012
15994
31361
12544
31248
37947
16935
14740
18817
25089
6272
10036
10349
28780
13172
7524
25089
42337
24148
17663
10569
9722
6523
32929
18240
14426
7840
13172
26657
10036
48534
14740
7370
25719
21169
15994
17562
15681
18503
11604
22580
6272
14113
13454
44517
13485
15681
13172
10400
17249
13799
21326
12388
13015
17249
16766
11290
9722
8467
10036
21395
14897
45160
34811
6586
15681
19130
27193
20385
42965
15681
14113
13172
18503
18240
7527
13799
16300
16480
18817
10945
11917
13485
12231
32929
27911
34497
21768
36426
9722
39201
19130
34497
23521
19444
34497
18189
16308
10349
14583
38229
24543
12544
11290
47042
22894
16308
19914
10349
47408
13172
22894
10663
9408
21326
28927
17562
7056
43062
21940
14113
16935
11604
13172
9722
12544
17355
11604
13172
13397
11133
44457
37611
35570
6899
15825
8147
9500
14426
41547
32929
7840
48575
12720
20385
12585
29793
6586
41547
16621
10000
25763
10663
18000
18817
36065
7213
14426
14113
10663
17719
20005
15800
15053
38182
12701
15367
15681
10036
17249
18817
18817
15718
31988
24123
10976
16894
34387
15329
8781
25089
10349
10976
22894
9095
10036
12544
15367
8467
16590
19369
7840
15681
15608
40456
12231
26657
23533
12425
23521
31361
9722
20071
19444
16308
25083
43576
42218
38445
16935
21326
10663
10641
12544
15053
27105
33870
13350
15994
31361
19444
11917
23521
13068
10349
10349
27700
11604
13799
47217
25402
8311
30906
32302
9408
10349
12544
10349
12544
11422
40142
45436
20385
17249
12544
19500
6272
10515
10036
15053
17249
40769
15053
21326
25889
21639
20385
19707
12544
20266
11290
17249
21953
18211
26096
19130
18817
33908
24860
17249
10036
23521
39559
8467
18817
29166
12544
22947
19736
12281
7213
25089
11604
7840
10036
25089
34340
47042
17249
11917
27284
45473
17509
23521
15681
6899
6899
45473
19444
23521
25716
13799
40688
10663
26971
7213
12800
22580
8781
10036
11133
10976
21395
21953
10976
40142
18817
21012
6429
8467
8154
18817
25089
12544
13764
10672
29793
28222
48196
15053
21031
7213
8467
13328
25456
14113
22580
6868
10036
26149
13799
42764
7495
31988
9722
14113
6272
8467
28830
10663
18817
8781
27284
21639
18189
16308
8154
15681
8154
44752
12607
24283
15053
25716
7840
21326
40769
18660
10036
7840
23521
9408
14279
19757
44611
8147
11133
37633
21953
14740
34845
11290
10976
6586
32578
7840
8781
19130
11604
22580
11760
11604
8200
22266
33908
6272
25873
9408
22266
37476
8500
19416
16000
14113
18503
14834
18817
10349
6743
13172
9095
20764
10036
17249
7997
24775
17562
22894
11000
21326
17249
18801
19757
8781
7213
20385
16308
15649
27065
43592
9000
21558
6899
37633
39201
13172
17111
13485
7213
32302
32302
16308
6272
20432
18189
7840
36733
11917
20005
39458
14959
13485
9095
47042
9879
43905
11300
22423
13172
31361
13172
10663
7527
21326
18117
45473
21395
7840
17249
21953
16778
17876
11917
42557
40569
46258
31204
9722
18817
35610
42024
9252
47989
11917
14113
7213
10349
12187
38574
23138
11917
6429
8154
12231
26030
44134
8467
17249
42965
8154
23521
13172
8624
15681
6899
11604
34497
19130
17540
17876
7056
19278
23521
28000
38163
6429
20071
11604
8781
36065
27284
28532
7683
7150
10914
14454
10663
15125
15681
29793
7527
12544
19287
25089
15681
12858
10663
16465
15132
18000
6272
19883
8500
7213
12544
12544
18500
13799
8467
25591
30420
12544
20005
11917
34905
10349
35124
12281
9879
10976
8154
17042
24462
45473
12074
8154
40926
9408
16308
25089
13172
23000
12544
8311
20005
19130
7840
7527
15718
15367
19309
14426
15053
10976
34111
42717
11917
14746
13015
43868
12544
32104
38869
25810
17249
41720
35908
11300
10349
15834
23521
8154
6272
28852
17876
15524
6429
18817
17719
21326
39891
13015
41886
24775
6900
14737
25004
9095
18208
12858
9408
13366
21953
7213
15053
8154
7527
20000
18817
21796
12980
18503
17876
20610
11290
15681
21639
8154
8467
14740
15555
6586
21639
11917
35617
6586
25716
8154
17249
9408
12231
21326
16960
12858
8467
31988
34811
40142
15681
21950
36197
28523
32929
24775
9722
9408
26657
6429
6586
16621
10976
11604
12231
19429
19444
12544
27946
24775
20385
16621
23521
21492
15000
18000
15367
32910
12544
18817
21012
10976
29793
14426
9408
21012
45376
26657
19757
12544
42171
21953
6899
11604
15458
21285
8467
38737
13877
9500
19757
17942
23521
10976
18817
12544
10036
39201
8624
13172
16308
11133
22621
22649
35269
10349
11917
33741
16621
17694
46101
11917
27284
9252
16621
9722
37580
19444
11447
7840
34497
20071
11177
13799
11604
10036
15053
11604
19914
16621
8781
36065
8000
7500
19757
10976
38894
17562
14426
22248
27598
29163
16621
21169
26180
10349
28225
34497
20005
47042
16621
22894
19444
29793
8467
11604
16621
31449
22580
7392
8000
18189
27259
7370
6272
18948
17876
37163
17249
17876
13015
43548
23364
15367
16621
11917
21326
13172
11259
34497
34497
23207
17249
43655
17923
15530
32904
13485
18503
9722
31361
13485
6429
14426
10349
8311
14426
11000
15681
7840
14740
15053
21326
39201
19444
14113
14113
21326
11917
6899
17158
27284
24462
34811
34497
19823
9095
22894
19444
39458
12231
16621
15681
18817
15681
10976
28000
15500
44247
29793
35570
29793
7213
29793
27911
17249
37066
21326
47120
12074
13485
27093
16725
13485
20385
44843
20165
35567
16308
33243
15681
31581
20698
47989
24628
14113
6586
11604
6272
10381
44533
18312
13172
14740
12544
31047
22580
22894
24148
12287
7213
26657
15367
10349
10349
10663
16621
17158
13172
16621
12544
12540
25089
16935
34980
13739
31047
25716
47042
18240
29793
24932
13900
14113
14583
9252
27598
8154
37633
27284
13956
11133
9408
41720
13172
15681
15681
13956
11604
10349
15994
6899
7665
18817
47217
23521
18817
16621
16091
11917
13500
13799
18817
10349
7683
9722
15367
10349
22580
6272
11133
24775
38975
9565
27065
38251
25716
22649
7997
33556
25089
42987
6272
8624
22580
34074
12000
13485
9879
39201
21012
19707
21953
14740
8467
29774
13297
6899
11704
16305
25299
17663
18817
24775
25089
7840
42337
11290
16323
14834
46919
17158
9408
11917
17249
26657
15994
17876
14069
11917
15994
9252
24462
37000
21953
8467
45000
9722
14426
8781
7840
12544
10976
8938
8154
30734
33870
7840
20698
15053
10036
35736
6586
36065
6899
10669
8311
24596
17562
10976
31675
19130
14113
20385
9722
33823
14426
27504
36899
17249
27911
13877
21442
8467
29166
28589
14113
20385
19130
8467
42337
10976
43655
25089
21639
16766
17876
14426
23239
26657
6272
11917
16621
13172
30734
15367
25763
28241
9252
24327
24618
31361
27889
7056
11563
16935
40142
15530
19657
16411
15850
25299
15681
9565
11604
29793
13172
19924
14069
11290
21326
7213
26594
16935
25089
20385
17876
6272
11917
16308
18817
8154
27174
17562
29166
15681
25086
19444
15053
7683
31361
31988
12544
16621
18817
42692
11917
46534
12074
12544
22266
10976
24462
14426
13495
17562
7840
43360
24775
25402
32744
13739
8467
10976
8781
13172
40070
25089
37125
19002
19757
20071
16935
17562
16308
9252
12231
9408
26500
9722
14454
6899
21400
11604
15000
12544
22894
7840
24462
15053
15000
11917
28225
34497
14740
20297
25402
29254
21639
18189
20385
30420
12184
16308
19613
18817
40057
7997
14426
18669
27654
9879
18189
8311
11604
19757
10036
15994
16160
34240
10663
21012
7500
13768
15681
15681
14426
46728
17876
6899
39722
14454
43576
13956
23389
10976
22894
14113
35902
10381
10663
21953
13230
13799
11290
21326
13700
9722
8781
6429
18531
13877
9408
17000
24628
12074
19130
48610
11290
23521
12544
13172
11666
17405
28078
20385
19000
14113
21953
6899
14113
15000
22580
15681
16107
21639
11447
18503
8154
14834
18973
18033
27598
12544
19757
45473
14113
9565
26500
8467
39201
17158
47957
48547
18189
14740
30734
26644
13172
9565
9408
21395
6272
21012
16621
19416
21730
7840
19444
45210
14740
14426
27284
27654
42337
13172
8781
18503
9408
6899
9408
7840
8781
19676
14009
12858
42000
7840
17249
15681
22580
14113
40000
23521
39750
9879
28000
7840
18817
9565
10000
30405
21012
6272
12074
7840
21953
15053
18503
9095
22580
26030
16308
37633
28423
16383
6272
14113
10000
19444
10349
38251
26804
12544
18669
39201
18189
10349
14113
16756
10820
14113
10349
10036
17346
21953
21103
8467
18346
26306
11917
8467
20071
36567
22947
14500
10192
18817
28909
24462
9565
18124
21000
26343
11563
7056
23408
36692
17249
16308
15850
10036
9252
22266
13328
11099
12676
6429
7840
22580
21699
9408
33575
9408
27463
21075
25089
12858
10976
8781
18654
19757
9879
21953
11447
19130
20592
12231
13642
11917
17249
16621
10000
14081
12544
23207
10349
34108
20385
15053
9095
21953
25089
15718
16308
23207
28532
41977
33556
14113
15681
11447
21012
43592
17186
22580
18817
8938
43576
41340
29479
20636
27654
24148
27911
45160
16621
14113
16543
18660
19864
19121
20883
12500
29479
7000
29009
20385
11704
23207
37229
32045
19757
15681
14740
24462
12544
30000
23521
24462
40766
15053
8467
6586
21953
21953
21326
14113
14113
20071
12544
14113
19444
10349
8467
17249
11967
7056
9722
34184
26030
15132
12074
10976
28532
13172
7840
17876
15681
26030
8154
27598
9408
15681
15681
15994
29793
14740
35902
38260
7840
10506
20698
7527
12560
31650
22894
10976
26971
23408
11917
20385
8467
24000
13172
20698
15681
9722
37580
36692
17562
30420
10000
37633
15367
12000
20610
23700
20385
47042
27190
16621
28241
22894
6899
21181
37633
27598
14069
32929
27598
23521
22266
24283
6899
19757
24775
6586
48610
10976
16599
26858
6272
6586
24559
18814
11917
43281
11149
7213
17249
8311
10976
18817
24775
47042
16308
18669
13172
7213
45009
35570
17500
10349
17249
6800
21953
19124
8467
24148
12231
12140
17227
18817
43592
7213
28225
13172
10976
40456
12544
12231
43655
22502
15681
9879
7213
12544
6586
23436
7213
17249
13589
26657
7056
9418
33243
21326
37000
9879
34497
13667
12858
13172
16308
8781
13485
15677
26657
7840
41193
18189
16308
28852
14269
15367
46866
23521
20071
17249
7997
39829
9408
9722
32340
27911
15681
26657
42987
18800
7997
11992
15367
22433
16935
9408
6272
42171
30734
17876
21639
18503
32929
17249
17249
16160
6272
18817
7213
47042
14113
24775
27654
18817
21326
23521
8467
19914
14113
6272
10820
14113
30734
11290
19757
27033
30828
19444
6429
26657
19757
12544
13799
36711
6500
8154
17876
10976
8467
39201
33823
21953
15837
27284
6899
12544
31211
28225
6272
15530
6400
45787
36899
17876
7840
18189
18503
16621
10663
32929
13736
11604
42667
20385
23521
14740
25089
28357
7213
26491
16308
8781
41811
14426
17249
24775
20385
29633
10036
13799
15718
11917
39829
18189
27911
16308
36068
12231
15367
8938
20266
28222
7840
21953
13799
37000
13485
12980
18817
18660
16151
6272
11290
10117
19444
42102
21639
31220
14950
12231
14113
32302
16308
20244
12858
18189
26262
15053
47757
36692
18503
8467
13172
39891
10036
17249
32929
21012
7683
15530
26594
15681
13642
26657
13485
17249
11290
12858
23828
37633
20385
22502
20846
18189
17249
26064
15681
8154
23834
11917
14113
15053
24148
18503
9408
17710
11500
9252
19121
11259
7213
35000
34419
12074
7997
8781
18817
27463
23521
26017
47042
10663
24123
44228
21953
15400
25089
32929
10663
7527
39201
16308
9400
33556
30734
7840
14426
7683
8781
30891
47042
42965
10349
21326
14113
7527
16308
20071
9722
36219
19130
21639
19089
6586
29166
15850
10036
18817
15053
15681
18616
22843
7213
25089
21950
15681
11917
21639
8781
14113
9252
18817
13172
28830
8467
9938
36110
47757
38060
10036
10036
32929
13297
25512
12388
13799
32929
21639
15681
9408
13485
14113
17562
21652
19444
44533
9252
7840
17876
13485
10663
25089
25591
32412
16894
18189
17249
8154
21796
24183
21953
10663
37320
24462
18531
16308
27598
9722
19200
43655
17158
47989
15053
42000
17249
17562
12858
40456
6899
11133
37125
6272
27911
17719
11917
9722
34387
13172
17054
21953
39201
31675
18817
13172
25086
7840
18189
28225
15053
21953
12083
17249
17562
14376
15800
45473
22266
22843
9095
32929
14269
37006
43868
11917
30734
14113
13172
8154
36231
15994
30596
22580
8781
28532
7840
25716
18189
13642
10506
18481
25299
10976
13328
18817
8154
7840
16935
15367
13172
20500
31988
18660
19444
46991
12544
30263
7840
15994
21395
23521
20385
24148
15053
23301
38888
18531
7840
9565
8154
9722
12720
12000
10036
7840
30734
23204
7527
14113
44752
37633
7213
7840
14740
31361
6586
44846
19444
20385
31361
15681
35570
22266
17562
9408
12858
13589
12858
13768
10349
11604
42337
23521
19384
20149
7213
22580
10976
18503
17249
15053
6586
16280
26657
7840
8154
16465
18240
19008
18503
13956
17876
27654
10000
9543
13998
8467
7683
7840
14740
22894
7683
7840
14113
21639
26657
35438
16621
7840
18660
17249
12544
23521
12544
15524
7840
13485
12544
32744
10506
15681
11133
20005
17249
7527
10515
23110
25089
17876
42987
23521
22000
10515
12231
22580
23207
47042
16800
17876
26475
13000
8500
7840
6743
17117
43626
10976
14113
18726
9408
14426
14426
12544
7840
13485
17405
33575
17405
9722
16308
21169
6899
19500
8467
16308
30750
21900
11133
6272
27770
13172
9408
29094
10976
27598
48202
17562
6909
25716
15530
21326
25089
12570
42102
8467
17249
14454
16549
36065
8467
12544
34240
30351
30966
44533
47042
7370
11917
17249
22197
14113
9879
8781
18503
18503
15125
6586
31361
16621
22894
26149
8097
10349
26030
18817
23389
14800
18100
11447
20698
23521
12720
15994
34497
23521
38063
23521
15035
14113
11274
6272
18346
22947
12134
34811
24462
10349
17876
21326
13808
10976
21639
7700
11604
15367
10349
48610
15994
10349
10036
34497
10036
15681
10349
40387
9722
13485
11133
13485
7840
15718
40142
9879
19121
44517
13642
29075
19130
18189
38838
26528
18189
42692
10976
12544
12544
12544
14113
36065
17249
10976
14113
13463
36068
10192
15053
16621
15000
6899
15530
22580
14834
44843
21953
10500
9408
15458
12544
13799
43880
39201
11604
9408
44878
13808
10349
17092
14229
15681
19757
37000
10036
9100
9565
9879
37633
8938
15681
45138
16308
32929
16621
9408
15681
7213
15681
