Price
53314
14583
19416
38251
10976
18826
470
21326
83107
35438
157
220
19444
1333
10976
15210
4200
29793
10976
3136
94
1333
627
22894
10663
15681
29583
15677
9408
31
28589
3763
17249
98282
61154
18669
94
21012
49858
45160
706
15681
7840
46728
9000
12544
7527
15500
16308
66902
8467
19598
19757
49459
15681
41654
6429
15649
28225
9722
6586
11917
44517
3293
17876
33741
34497
8643
22894
13485
15681
15053
14113
12231
12617
19444
470
10036
10000
17876
1646
17405
7840
68994
7840
9418
13172
10663
21285
15053
7840
19657
19130
6586
5959
29793
470
392
21012
188
21953
706
14113
549
10192
20071
941
38229
10036
7527
25004
1098
10506
157
1803
15681
627
4547
63663
5331
20385
24029
3763
706
188
11917
13015
10663
16280
188
14113
24775
7527
23521
282
8154
68994
17876
5018
13485
30238
14740
10192
12388
549
52263
69502
784
188
26343
19707
28357
23521
27356
188
9722
6429
1725
12231
23239
18503
5331
13015
470
21639
35124
8386
4300
1882
20266
188
1333
36065
5018
9722
14113
11604
39201
4704
7840
1176
11917
81539
34419
862
7056
50651
24148
47042
282
20777
27435
4704
12544
6743
13172
36899
15681
12500
2800
470
29144
7840
32412
13485
26657
1725
188
3450
29793
17876
20385
26343
45928
549
33556
17249
2744
392
17158
18189
18826
10349
12858
2038
31047
15053
42337
10976
40769
15681
30750
28225
21395
15681
4704
14740
2200
706
80
5331
706
549
5018
470
18817
9408
23207
48000
27911
15367
6899
20385
6899
8154
12540
18817
11133
941
28852
314
9408
19444
5645
7056
3763
11917
220
14740
3800
40
10722
35438
46728
38251
19
2195
23207
23533
14113
100
35962
42551
36692
12544
31361
5331
4861
121524
10976
62355
13366
15718
14454
23521
314
18826
13658
43868
23414
101923
470
13485
10663
8467
8097
2509
15612
131716
15053
14740
627
6743
13172
862
4704
8500
32578
12388
862
20266
35269
20005
23207
1019
68994
7213
706
18503
15681
9252
6272
784
14740
17405
63
29950
549
1568
10349
5018
706
49000
3763
14426
4704
34811
220
2979
6586
38809
30
31831
4861
18801
13877
392
6000
16904
4704
4704
12388
41886
15681
13476
36834
4077
19416
5331
21326
11133
72130
46728
12858
15681
38894
21768
15681
26613
9593
15367
7840
784
32929
6586
37633
10976
20385
706
28288
9600
1019
25763
9095
19130
12544
20385
8938
6272
25456
19444
9095
16323
18000
392
25089
20071
470
3450
549
15053
28532
16305
22894
314
3763
1176
4861
6272
20071
43134
7370
70562
12544
17249
4861
46414
13589
17747
36137
12980
392
12231
12231
15132
16621
862
31797
13172
862
3763
4077
470
17562
10663
33230
7213
31361
29793
39201
23834
3600
44047
17186
15681
157
3136
19444
1646
3136
20385
21953
16041
15681
9722
34406
16308
22200
862
16900
17249
15994
19444
3920
19369
8154
392
470
51746
8467
157
1
7213
157
20297
6272
26949
16289
49237
19757
10400
10973
3293
251
14113
7809
13485
35309
5331
7213
10036
7056
32929
23734
78403
15681
70562
10036
25716
11917
10976
30
6398
7213
34497
36834
23207
20385
470
8154
13172
13956
62161
37476
10036
13454
12074
20385
13485
12388
12858
19707
39829
41281
22000
10349
12544
11368
14426
1725
5645
10036
5018
43278
1803
220
14426
17876
15681
13172
470
30596
12287
784
15822
14426
67426
9722
1254
7213
16480
941
7370
19444
12544
17249
39559
2901
43548
2500
15994
941
5959
15367
49864
12600
53580
137885
35610
17249
6586
119172
1568
1800
8154
16148
70562
4547
37633
9405
31675
24148
21012
19130
18503
28225
13488
35908
34406
1882
5700
35140
1568
31988
36636
14113
30734
70
5378
1333
16308
20385
17249
1882
11604
11290
15681
37633
17876
6272
392
36065
35902
9252
9252
862
15850
13485
17876
11290
26591
627
5800
314
28043
40142
5331
64290
21326
11917
11133
18826
53314
2587
30
17562
50
21012
5175
941
65858
15367
23834
33908
13793
21326
16935
23521
12544
470
392
19757
15125
15681
5645
706
17249
14069
17249
21012
1019
9095
160
862
8006
81539
8781
13172
25089
12544
23521
34497
549
10036
251
5645
15681
13172
5488
157
6272
27065
25264
14113
30
627
27174
12544
10976
13150
2352
627
21953
11917
4234
12544
22900
16935
66799
42692
220
15681
157
64290
26858
28532
3100
94
9252
8624
14166
470
314
16308
1411
10117
18817
19757
9722
14426
36065
7527
392
6272
627
1568
17300
36899
26343
49143
941
8467
15994
17694
3136
54167
2430
18817
27065
392
35438
75266
12544
627
2274
7527
6743
16621
11604
16308
392
251
392
6899
100
13485
43545
8467
36401
13799
5959
12074
20698
7213
36219
7840
3763
15524
12544
19707
41547
1019
21953
18503
10036
1019
42538
10000
28830
14426
251
32302
15053
7213
19281
6586
20385
11604
9408
34497
6899
5488
22894
18503
46919
34811
23521
24709
33409
13172
6586
43952
1882
8781
6272
19121
16894
94
3450
1882
100
13799
73134
3293
40456
26971
21326
29793
14740
37000
9095
941
25089
21953
1176
13328
9095
32929
22894
30420
51454
157
12544
21790
8778
24148
21639
251
25889
35752
12231
53314
220
40
31317
10192
7370
14113
18503
6247
2509
13485
1000
125
6115
24148
21000
7840
251
11604
30734
10349
12544
36235
392
16041
23521
4077
4000
6899
17249
6586
11133
627
17876
15994
15210
27504
10976
21950
314
24415
15367
80
16756
15681
1333
10506
9252
23000
42218
49237
17249
29793
7840
11917
28225
10000
21012
32615
8123
24775
33575
549
15681
54882
76835
13799
7840
29166
14113
20385
6899
21953
12607
47989
627
21326
8947
5331
22894
314
11917
7840
3763
24415
18531
9095
24462
26030
1000
31988
12544
9722
13799
10349
70562
627
14740
9565
45025
16590
48261
7840
627
24628
25089
20005
7056
1490
25089
19601
47042
26657
6743
15053
5331
6800
44134
3293
15681
862
135
470
24775
3607
10036
6899
2195
19444
9252
627
11917
14113
10036
32913
10036
18189
15681
21639
4861
2587
26030
17249
1019
26343
5802
4800
25089
24462
14426
20385
12074
43880
21953
27654
24462
3000
16308
14113
32305
14454
3136
188
43548
3607
9252
9095
7200
3293
7997
314
4547
9565
11917
45473
20385
48610
10406
10635
3136
9722
1098
15681
27598
14113
18817
16778
2979
3293
8781
30
21639
13172
15053
20266
7527
627
1700
23521
7997
470
627
20297
1568
18817
21953
15053
9500
20385
3136
5488
14737
260296
42337
6899
15053
3136
78403
14081
25889
627
40092
21699
9408
3
1254
7188
30602
7213
549
24239
16465
15257
3058
50
20005
6272
470
43868
10976
16935
15994
44247
3136
25089
220
1333
32302
25089
24462
13172
15367
470
23521
2901
627
58018
18660
1700
17923
28068
15681
27105
1019
94083
8781
392
15681
20171
3607
11290
19444
10192
7840
15681
15681
16308
13172
100
1019
25089
8467
7840
157
20385
6115
12544
11000
46414
20266
314
470
16935
21953
1019
314
33575
6586
10036
19707
10663
44843
44752
6000
17249
12231
25032
13956
4391
53872
15994
68681
9879
80
15367
9879
470
24932
33000
392
706
10663
43278
862
18500
46518
25089
26030
17249
17719
1411
62719
25500
3800
36231
16308
12544
21169
5959
13799
45633
21796
15000
23521
37633
1725
8000
12231
26030
10192
11604
16308
16408
200
3763
17562
17540
220
17562
21103
23207
14269
3763
7840
14113
3607
12544
19130
14113
13570
7213
24148
282
17663
30
35344
251
47042
8000
18660
4391
6743
56136
25089
314
16465
27193
47042
3763
125
19914
25089
16465
1411
44843
12231
16308
5331
5018
5331
16308
90
23828
7840
20385
706
9565
5645
10976
8154
29793
7840
14269
5175
13172
10976
29711
16621
33870
7370
20385
1019
43216
314
34406
5175
470
17562
36065
21169
61154
408
42337
16308
7527
706
37633
14686
392
28225
18817
25716
13172
16308
2509
40456
8781
61521
11447
314
7213
48403
50
23521
10017
18654
44134
6899
24462
10663
5018
10349
42337
47
54568
4547
95000
15957
17249
1490
7213
26971
9722
862
2500
3763
12231
16480
15000
7500
784
14113
18817
19444
15060
13231
392
61154
49237
13172
27889
18500
17562
17876
28225
22894
10500
1882
63
12231
11917
10036
120
24148
94
18817
16869
10986
15681
7527
15681
22580
20385
392
13172
34560
26971
6523
30420
24709
32929
12388
392
3763
330
11290
9722
30
157
51373
20
470
25500
13485
25402
2117
3763
97219
5018
18422
29793
10663
23521
23521
30241
25089
18189
10663
392
392
15825
706
9565
12544
1882
5645
1019
3763
11917
18817
31204
8781
1333
10663
13172
7840
251
10036
21326
10192
3607
8467
30
282
11917
23129
549
15681
14113
6272
73633
22580
44517
5331
40142
1019
16621
114468
22580
65817
25512
27946
18503
3136
1725
12858
32772
29793
39201
23304
314
4547
12388
12544
11604
6272
14113
6586
1176
7840
15681
12231
10976
10976
10976
6269
3450
16308
16599
13172
12544
941
12858
47201
38888
13172
13328
27598
17227
470
14715
21012
32929
19601
1882
18817
13956
94
157
10036
470
8000
11259
21012
5018
12544
14247
21953
48610
392
40456
3763
8467
7213
22549
9408
1019
11917
1568
8781
19306
16358
58018
1019
941
73131
32409
13642
20385
16778
6899
26770
10349
314
549
13768
392
220
1176
101923
3293
12858
16894
7213
54405
392
13203
37984
18669
16621
19444
11604
20071
20698
22580
941
32302
23521
16443
24123
1725
10036
28225
55638
51965
13485
8311
11290
18817
1882
23207
19757
23536
19008
1490
15423
5802
27889
18189
188
31500
13015
21326
51746
24283
26657
28225
18503
862
1000
18189
35
11917
7840
23521
1882
35736
8781
15681
15053
470
3136
46518
14500
282
5018
1700
97219
45376
51746
6586
25089
30750
220
15367
9722
862
8154
15994
24775
20005
16308
20165
13172
18503
15530
1490
28532
7527
6272
18422
36065
14113
49293
20438
12544
17249
7840
37125
17249
188
1490
11412
24775
1254
4861
54048
470
10976
10506
6000
32302
13454
25089
7527
13485
49864
11563
10036
9060
4391
13739
16480
37000
23521
9565
30
14081
16621
12544
11604
1568
11604
862
18817
627
29793
9722
12544
7997
9722
13485
6586
314
9722
706
2430
21639
1019
15681
9879
9095
18817
21395
12231
5018
7828
470
549
11102
470
3500
282
2666
6586
12231
1646
6899
16621
7527
19444
11917
9408
6586
9565
23834
18817
14834
13172
314
17054
12544
20385
6272
7213
8781
4547
16621
22947
2500
20855
392
13956
42171
18519
15053
17562
10976
4200
3607
1725
15681
17249
784
21103
10036
6899
16465
784
17876
16621
16443
3607
9000
1725
2000
26196
20385
12231
470
96749
40634
18776
14113
22580
706
15053
470
16935
3293
19444
3450
10976
27190
36802
11917
2587
62722
314
3293
17948
21326
6837
4391
106627
9408
43592
21326
8467
14113
33500
14426
470
3763
13172
18189
10958
18817
3920
16621
20432
13485
16308
5959
4077
16935
11099
7997
16778
30
7213
862
110
12544
3293
19914
32973
10976
15053
470
36721
9100
5175
7056
1568
16894
1098
7213
2352
22106
26657
35579
47042
15681
9408
23521
9408
5802
6272
10976
3763
9722
15367
10349
5645
14113
706
4704
15718
10976
26657
29166
100
12570
392
314
21326
5645
29166
21953
28852
15681
47217
157
13485
14113
862
12544
41193
14113
16935
549
13172
6586
4547
7213
2587
48277
20385
11917
7840
17249
4077
15053
6899
30740
21297
15367
12544
14113
16621
21012
549
9408
87999
11704
22894
392
14426
19444
14113
706
21953
29793
47038
282
27911
4234
1568
21796
314
11290
15681
19121
15053
17249
2195
5959
60502
13799
39559
37633
3000
18826
16465
1725
392
26657
20005
48296
16411
3300
7056
549
392
10202
15681
13485
8154
24543
314
54349
314
50
627
10036
27598
26657
392
14897
23521
58391
30038
6272
36730
14269
1411
5331
35
4547
40456
50
2509
8154
15994
34497
32973
24775
4861
10036
16935
17719
19416
8154
314
36065
14269
7683
11604
21482
15132
24462
16308
2038
26657
20385
10976
13799
282
4077
22266
314
1300
22894
21395
11760
16308
25716
9408
627
20385
2195
21768
19309
81539
19757
14454
11133
2700
54157
26096
13000
26343
23521
31317
6272
10036
9543
13485
11290
10923
20385
549
9408
5331
3136
22266
5802
18817
8154
297930
14113
27911
14113
24148
18817
14113
5645
1725
21796
24738
21639
10945
4861
28225
21012
24462
10349
44611
8154
24709
30107
22894
282
4234
16621
16308
21012
18817
4547
20385
1803
1646
13642
2509
22567
157
8938
392
862
862
4704
17249
20385
13485
13485
3450
25889
314
13000
1098
6586
65858
9879
12231
14700
29793
6000
392
40340
16621
6269
3607
10349
11604
18817
6899
21953
15994
314
17663
26657
11770
188
11447
941
11613
24860
1500
56431
392
150
167781
4400
15800
47
27174
12544
3150
11917
22580
10635
15367
13700
21953
28608
1960
10515
31361
7213
23521
21639
60
100
11604
15524
392
9408
3607
9722
37984
157
16621
11917
25889
11604
54882
14426
53154
37229
1882
21953
6899
11290
5802
14069
18817
8467
16900
34074
19002
25512
58172
23521
5018
57507
13962
130148
5959
14113
26030
38445
3763
43278
11917
14113
784
15608
1019
11133
7840
11604
28980
220
21012
2195
12858
27162
3800
45473
6899
10976
22825
1019
35752
80
53185
627
549
15486
27356
10000
53314
40983
15367
6272
34497
58579
20228
157
3607
6899
7213
3450
23521
5959
22266
11704
38260
10697
17035
18647
17249
549
21012
28225
5000
37238
9095
6272
941
8467
18503
21953
17719
7840
15053
7840
941
30
16894
37476
18817
31913
14740
35309
5331
5018
11604
1019
1646
10663
11447
18826
8154
15681
470
18817
10092
10663
6900
549
6586
8154
16621
6272
24327
862
1019
31047
27000
17249
188
1725
18817
18817
46101
18481
10820
16308
2979
13172
13768
8311
4547
3000
392
2500
25716
15367
21953
23521
8006
13485
46414
4391
1019
2430
22580
39829
15994
46866
12701
13485
11133
11604
18817
32954
17509
18503
4180
220
5175
24239
3293
16465
14279
29166
31361
6115
7840
5802
314
10976
24775
11760
549
15053
16308
90
4704
8154
29793
9252
16621
6115
5018
188
94
19444
16308
627
8000
61154
314
44533
8781
392
90
3763
9400
8938
10976
15994
50178
42000
10349
44166
15053
9722
470
94
22580
37959
13485
26613
17249
18045
9252
97219
23521
3293
8781
470
15524
6115
24148
4180
706
5645
470
500
45044
4547
9408
40769
470
16000
10976
13962
25638
14113
19130
627
549
28539
14583
784
45473
7200
1333
627
7840
19500
5500
47042
314
42337
941
43592
13799
627
1098
11133
8154
9095
7527
15681
627
15681
12231
25716
941
16308
9722
12074
6899
30420
10349
26343
11604
8624
15800
19369
32929
3136
18189
314
19444
9722
470
251
39829
12544
17249
15053
157
13172
17562
30
11604
10976
8624
15681
1019
32615
11133
15681
549
48610
47217
16308
7840
1254
11917
5940
7683
8154
627
2200
10349
14740
12607
11704
3
17876
36692
5331
6899
56845
13485
4234
35752
14113
26861
12544
21040
2979
9722
3763
12231
8311
16308
9095
392
15681
4700
2038
9408
14113
25889
11604
21953
12544
18817
20526
8154
18503
15524
16621
21326
7840
6586
6500
42052
43868
35570
16107
14500
37633
13485
1254
4547
5331
25083
26657
37633
392
784
3136
8000
50178
15681
86243
47217
392
23521
3293
39201
32035
27591
31361
14113
14426
21012
7840
22894
25926
38574
2901
4077
14583
8781
126322
21953
33575
784
3763
1400
11290
10976
34240
15500
30
12701
6272
8500
392
12858
16308
12858
8311
16289
47042
20385
3763
5331
30734
14583
220
2500
314
11917
18817
37125
32910
11604
1176
23521
20385
220
19757
21181
8467
64171
784
36065
42024
31
3763
15323
44878
4077
18503
3450
14746
18189
10976
3763
7527
2352
18503
6868
14426
50297
20385
47989
42965
26814
73071
34406
23521
2352
10976
15681
37062
78
1098
45633
48610
20
8154
314
17876
6115
12074
9408
8154
14113
50178
17876
49858
11133
470
8154
14113
470
16800
470
29166
49459
46728
40
37611
15681
37580
33575
12544
24462
13900
8781
27284
35234
17249
6272
20698
2666
9565
15681
16308
24148
20071
3293
24462
251
8467
18189
392
3450
470
30
17562
16766
14113
8154
19757
21103
17249
29774
27284
47408
94
8467
392
16151
3763
30282
19130
7840
21012
12861
7527
941
14113
16621
36567
11604
18817
23129
16935
8000
23659
7213
101923
14113
2587
14113
31988
6586
18503
11604
40688
28532
47217
17249
10349
12544
30734
16894
28780
6586
941
17405
141124
784
34811
29122
50
32772
13397
49858
65996
7213
1411
22266
627
36808
862
392
15500
14113
8311
45473
3293
4234
47042
8386
9252
23521
20385
15053
350
16618
32311
43062
21953
44533
39829
4861
10976
32929
50
14113
42883
96071
7840
13476
22000
31361
5331
13799
15681
26657
39226
6272
12544
15681
10036
20610
15681
30326
19444
36065
22580
15053
20071
627
15367
2430
13172
10349
10976
54882
10663
5645
32929
11259
21012
18189
314
549
10820
13485
706
62722
5331
3450
15994
12334
12858
59087
470
10506
21953
2352
34497
39201
18503
13000
13172
10663
31988
282
12544
47989
22947
21326
251
18817
706
39201
9408
188
22502
8154
21953
40769
392
14740
549
83251
59586
7056
1568
17876
5175
314
30
21012
5896
26657
18189
16041
4391
7213
62722
706
941
470
8154
86243
549
22894
33243
8938
7840
157
103491
9095
21326
26030
3136
16568
18189
15053
6429
40456
78403
18817
44611
11604
9252
549
19444
5331
20385
13328
4704
15681
49858
470
15132
627
6272
33494
43905
10500
2700
37633
18189
10945
9252
29777
30734
6429
47989
22580
31747
706
15681
26971
13172
20266
30887
470
7527
8154
11290
1725
17562
11290
27422
17249
31988
15677
706
12544
14426
18503
11917
26657
16935
314
2038
15624
19883
941
5959
9722
54807
21652
11290
19444
17249
7840
28222
20542
9408
10976
18817
706
11917
19030
8467
11917
9888
251
37984
862
34497
6586
16546
3607
862
7213
157
14426
706
11604
7840
44875
8781
22947
9095
3607
14113
31047
18798
59087
28241
17054
392
77775
16621
6899
1019
3920
549
25089
37633
7840
10036
55515
56136
61816
44542
3450
31
8781
12858
1176
26657
3293
8781
14583
9722
48697
24000
20071
18305
549
39201
7527
1254
8781
314
4077
188
47000
32302
20297
6899
14740
21953
1646
8467
40
11604
392
3
2822
40634
39201
251
7213
14113
8467
314
47957
14740
13799
23521
18503
14740
627
549
7840
43416
10976
6500
20071
6272
6899
67426
68994
10036
16621
14113
5331
19444
1411
18817
43278
2352
2117
11133
13485
36065
10349
40443
3293
282
16935
2666
14269
29793
35902
38213
39559
5370
10036
12544
28225
16308
10663
21953
27911
13328
549
3800
14113
31650
9252
9095
30107
45210
34497
14897
5645
32302
81539
15681
549
5645
32302
27093
8154
18503
27654
15681
13500
18189
44213
43815
99440
13764
15367
3763
8467
2979
20385
21326
5600
706
10976
10036
282
9408
26030
19416
25089
49723
17562
8467
8386
32929
23521
282
8467
3920
7527
5331
26030
94528
9408
12388
21326
15681
784
12074
42692
5645
8311
6899
27463
8097
34184
8154
1176
7514
37125
862
3293
10000
30420
13589
7310
2822
7840
36827
11290
10976
15053
18240
12858
5645
1333
39161
28225
12544
22580
3763
20385
3293
4077
15500
31659
549
5865
26064
13172
11604
4861
31361
3000
21639
18826
15681
18660
24920
15053
39201
10976
2100
26196
46728
16308
6272
10349
6272
14426
784
40769
21109
9722
18817
7213
5959
3900
54882
7000
4704
282
5000
31581
47042
8097
10036
49864
67690
37006
19130
29793
22843
24123
549
9829
44943
27284
11133
3136
17876
12281
18346
13328
11604
36827
14069
188
706
8781
15210
131716
19444
12544
1960
51194
18817
1882
10672
8467
7683
6899
11917
549
9408
20385
55528
23207
15681
16935
57990
6272
11917
25089
20005
25591
16621
7213
11917
44558
4391
45473
43905
11967
7997
11917
470
3136
22266
10349
1882
18422
23602
6899
123330
11133
470
6429
23521
26594
9408
19757
53314
13172
784
38229
32340
18189
23518
53580
26657
12231
470
64290
17562
22549
25440
706
22737
470
706
6272
32973
26475
21395
35617
3293
7840
64463
73698
48610
16383
5927
28830
16308
13799
282
28225
29636
20278
16443
2666
470
627
10036
14113
28225
17158
8781
10976
220
470
13799
549
784
13328
17700
19874
11300
15323
6429
4200
21805
13799
20071
14113
35
17876
54568
784
16935
8938
40340
92515
8781
314
10349
18189
81539
15367
15524
17562
11604
220
19444
4234
188
1568
1411
21796
52059
19757
4500
3607
20071
1568
862
41553
29793
125
20385
8154
706
20266
251
5802
44890
21639
18817
1019
28225
21739
18779
157
23204
34657
48998
14113
6272
10506
1568
3763
11133
17405
7527
10036
22580
20385
4200
4704
10036
5018
5959
314
18817
45210
28015
862
8154
11274
51746
8467
33908
24283
20171
16308
25716
13485
314
50
30326
28423
941
51746
19130
41629
18503
706
29793
9408
6899
7840
7840
19130
2038
62722
1333
18826
13172
19736
8154
15681
15035
627
706
627
5488
7997
470
14113
15289
1700
25559
38725
9722
12544
1176
9879
20385
43952
24775
7213
27284
14269
15273
7213
14113
706
7840
13485
6899
7527
8938
12544
9408
314
8467
2509
14740
44517
5488
14122
16621
21639
6743
37125
28532
18503
5018
6586
88438
23521
15053
23521
80
19130
9722
2274
67404
3136
40
1882
3136
65858
470
8938
8500
93079
29762
31047
17405
103491
3607
14821
21012
25089
8938
9408
10976
40
13956
42692
9408
13485
13589
872946
470
22894
3607
14113
15530
10349
4077
29793
24462
5488
706
3000
392
7683
282
13771
6241
4704
16308
20149
8154
15053
38574
94
11650
10349
13172
17876
24462
862
16621
21953
21181
10976
251
41083
25719
23207
2430
23932
20228
6837
22649
14740
4861
6429
14454
42808
17923
36692
18817
42667
13485
18346
11447
15681
15367
627
30
39750
5300
3293
31361
31581
44247
9722
784
11604
20385
157
22894
9252
31988
40424
11133
19757
5018
4704
10914
1725
68681
13996
7840
17421
314
172486
250
8781
6586
31659
8781
11290
71817
19444
17876
8467
37633
10000
470
10976
8355
17035
1800
1411
10976
25716
26030
6272
3293
3293
20385
13485
21953
15524
19500
3136
40983
23521
20385
11290
17876
10976
10349
314
10976
17249
10349
6115
14269
19089
10349
70
17449
5959
7840
2901
38229
862
16935
41867
37633
18817
14113
15681
45473
157
4861
6115
9565
141124
50
3293
26657
16308
7213
14740
30420
28532
549
44134
19444
8500
7683
21953
784
5331
10976
15681
10976
9418
30420
14113
5331
8467
2901
3763
22063
9252
627
862
188
54255
470
11290
4300
10976
5645
282
5500
9095
23834
14740
4600
44533
13172
53000
80
12849
17876
16935
18817
16778
22649
18817
8781
1882
549
133284
470
43134
26971
22843
8900
17562
18817
29166
1646
12544
30734
29950
49751
51746
4783
75266
17249
20385
21326
47537
23521
21639
15053
549
4234
7840
8467
13015
5645
10976
15994
27689
31082
19130
23138
8700
8781
72268
17876
188
314
9565
1803
6968
15681
8778
13642
3450
15681
24462
29793
549
59837
15994
16308
17249
24004
6272
12544
20071
8467
15000
470
9408
10349
53154
10976
11290
9408
16543
1646
53188
23414
87497
11917
17249
8154
9408
392
20610
9565
13642
15994
941
16935
2666
1098
22279
13485
3293
56450
21009
188
14113
941
392
1646
67404
6899
220
23389
18817
21326
11604
6272
13485
6899
392
4861
6272
6429
10036
25086
18669
5018
282
14113
314
10515
43905
48998
63349
16935
25716
141124
41629
3000
18189
11760
21639
73698
23521
7279
706
69621
188
12121
1490
14113
17249
45473
15053
22000
11917
11290
23505
11290
50178
470
18826
34889
23521
392
3450
706
11917
19441
14740
41720
13877
17249
68148
40
1019
36065
29552
6586
17876
10976
25
29793
2800
6899
784
7527
10349
11133
17346
40926
12544
27463
2509
22433
22433
15524
6144
18531
5000
15994
45542
9722
470
9565
7213
42692
11604
9000
3450
9722
188
314
107841
22266
88438
9408
17562
18033
14500
8467
31047
6400
500
24302
9408
4861
5331
5175
314
43592
314
5645
25264
23521
1960
131308
19579
3293
16935
12544
8900
8500
2979
23521
37354
42337
20237
4861
9408
1019
16621
47042
5488
9408
36235
11447
55932
16935
28423
1568
16894
24148
251
10976
1411
549
26657
31361
77775
19130
93371
24148
18503
3500
18817
64290
15367
43952
21012
11604
392
17249
2700
30
13485
1725
15994
13015
4077
941
5134
1725
13485
157
18817
15577
94
40142
25089
7300
19757
22400
20
10506
4391
34406
39189
11917
627
18158
17249
7840
13172
13642
10976
19384
100
7392
50178
2822
19914
38217
627
43868
94
65817
15994
19130
14426
8147
35902
13485
11500
29216
12231
2666
3000
27174
6272
50178
19124
4861
14113
1000
392
24148
7527
627
20266
8467
7000
3607
9252
19444
29166
37633
23521
22266
16621
15850
13485
40766
1019
21326
2038
15994
28225
941
33575
19444
9346
4391
17876
392
300
5018
1098
32929
19416
7527
21639
23207
45
9722
9408
9095
16151
11290
24462
16151
22580
11917
7527
12777
26657
31
4000
3763
17249
11604
30455
7527
47217
5000
8963
39829
10036
25089
15053
13485
25402
15834
10349
17876
470
40
11604
5959
35438
17249
10000
8467
11992
45
30
40769
50
706
14113
7056
57391
15100
69935
21953
188
1882
392
2509
392
54568
5604
706
52696
15053
9252
39750
627
10036
470
94
20385
15681
5488
4600
28852
24618
17562
11143
30931
11290
13630
38260
20500
15367
188
21395
2666
11290
59272
8467
62057
18817
25816
21953
7840
941
45138
21950
15681
19757
16308
25716
10036
16549
15681
8467
80
15400
42102
314
18189
12858
7840
4234
282
42337
11604
549
13000
6272
7000
13015
17249
4704
2822
15555
34108
220
30
10820
862
8467
21012
7840
1646
24415
4077
2430
26657
22580
7840
17249
18973
11290
1019
24462
314
6900
15994
17559
27598
549
1725
314
12858
17562
12858
2666
17876
392
3058
2979
22580
25089
23521
14269
862
627
250
9095
15681
282
314
90919
13172
84675
26657
33823
19823
6523
90
706
706
1019
3450
3000
29793
13172
8781
10506
18033
8467
15681
6586
9722
8154
26372
64290
8311
16621
9252
22580
13799
14113
34811
54568
21639
549
2300
21768
31047
6899
7840
31361
14113
11917
30
5488
44457
470
9722
16308
220
17092
40926
10036
10976
3136
63850
392
15681
13172
549
32929
314
28589
30
5849
941
13172
17562
8154
3763
3500
706
20266
706
314
7806
2195
6272
3920
73714
10976
627
17562
4234
11604
40983
39161
9879
9095
10036
26657
29793
2200
10036
28608
15681
12544
9408
470
13485
9500
57526
314
44003
25089
1646
10515
24239
18503
11290
60345
30750
549
43435
470
14113
17264
15681
5883
40
23521
10349
3136
12880
56340
1725
16935
7840
392
17249
6586
6743
6272
862
470
27284
7840
5488
4234
7997
9095
941
17876
2509
470
25089
1500
23521
30564
26999
18817
314
19444
11290
11290
627
14301
20385
188
9095
627
1646
46919
16308
23521
39615
9300
30
5959
16480
12570
18817
6272
27284
6586
941
8624
3607
23521
18817
9396
862
11133
1019
28225
14740
314
18503
15994
5209
13463
2430
30906
30
3763
16900
87112
11149
10349
6586
549
24462
16308
470
25089
941
20071
470
11604
61816
17249
9565
9252
15681
9408
11917
6272
11447
12231
44247
19757
27479
10663
1882
22502
40769
43278
52853
37000
14426
627
20700
43905
21975
4861
15681
470
470
73071
47042
51517
17876
5300
18817
7997
35971
20071
29793
41553
11133
9879
250574
4359
392
24775
14740
10036
11541
21639
7919
15423
4077
17249
29445
784
13485
2430
20385
19547
8467
26343
26030
45734
18817
15367
18503
6272
6429
188
8781
15681
3763
18500
10349
100
21639
10349
21953
12544
10036
8781
55
34074
16621
9252
282
6899
16308
39559
18503
17876
76835
15612
157
5645
9408
42024
4234
470
11200
1960
10192
43905
29479
7213
1333
14897
8467
3293
2979
20385
600
10349
18826
7840
4704
21655
11604
11604
6272
14113
549
38016
43278
6899
35344
14113
39891
125
14426
42692
9095
10976
2744
18817
8311
14269
188
22649
314
12140
17249
40889
16308
30750
18519
36219
6899
17939
392
5018
14426
3500
1803
36865
14113
16465
48575
7527
37125
7840
16151
11290
784
16292
2509
45376
549
37301
17249
8467
6272
706
28225
50037
18817
12231
7840
314
3058
11290
17249
4700
5800
1490
27654
2352
8781
4547
10349
25716
52263
8467
16621
150
3293
40092
6429
46991
29254
108371
1019
7527
50
29323
5645
282
3763
10036
50
1254
10506
17249
40
8781
19757
36065
2979
29793
14113
19121
41720
47
17876
14740
28423
9408
15524
26657
3900
34497
11917
16088
27654
20297
5488
1254
11604
17562
9500
8300
7683
63886
33243
1882
14113
110
21012
30966
36065
27284
59865
23659
8781
627
3607
3450
5018
5802
784
11917
19914
862
18503
12544
470
49864
8147
19757
10976
3450
27093
50
12544
941
43905
188
5331
42337
32929
14000
18240
14113
3136
5645
68994
15210
314
47042
18817
13962
